500 500 500 500 500 500 500 500 500 500 500 500 500 500 500 500 500 500 500 500 500 500 500 500 500 500 500 500 500 500 500 501 500 500 500 500 500 500 500 500 500 500 500 500 500 500 500 500 500 500 1.123839377e-05
823 850 834 825 848 841 836 819 833 808 845 854 863 824 813 840 808 857 825 836 825 871 808 822 819 830 836 857 809 810 835 826 847 833 828 812 837 839 837 821 808 818 821 811 846 817 834 841 809 843 2.500008456
687 715 713 689 699 721 671 697 693 699 686 696 708 689 648 709 658 733 680 670 680 728 676 722 676 700 702 704 680 665 682 674 712 686 678 679 662 713 703 694 666 693 658 673 702 663 684 686 690 724 5.000010761
592 617 603 608 590 610 543 595 592 576 562 603 611 578 550 606 585 606 582 543 580 591 576 620 587 596 581 580 586 557 571 561 575 565 586 594 559 620 567 584 583 607 549 551 594 556 557 568 588 625 7.50012654
525 533 518 522 517 516 465 496 513 490 483 537 524 511 462 530 491 515 501 470 498 488 513 519 532 514 499 499 484 475 486 489 506 466 496 516 510 541 466 488 490 537 475 472 524 478 475 480 509 521 10.00014104
435 465 440 462 461 457 410 403 443 414 403 479 442 451 389 457 417 430 438 417 433 393 425 460 473 459 448 426 433 421 419 416 427 406 429 465 449 487 413 451 415 468 420 407 468 429 419 412 431 441 12.50007207
367 405 367 408 404 383 351 363 391 360 327 417 390 410 353 402 373 390 386 349 392 350 364 398 397 403 394 392 399 378 363 367 386 358 352 423 386 415 363 397 360 394 381 363 423 403 354 367 386 386 15.00014308
319 353 328 346 360 326 333 295 359 320 296 366 331 378 310 345 337 355 349 299 323 312 322 348 356 340 348 347 344 351 315 329 357 338 293 363 328 359 318 368 310 351 332 323 367 353 306 339 338 353 17.50079383
290 335 312 294 342 296 285 257 315 296 264 320 300 342 289 295 311 320 329 273 280 283 290 305 322 296 307 308 303 312 292 301 323 300 270 314 301 320 285 315 282 336 300 286 307 311 293 304 302 314 20.0000423
246 316 285 279 328 282 256 225 293 260 239 290 267 304 263 269 292 293 309 272 240 245 283 270 279 291 268 282 262 288 284 278 310 278 238 292 276 305 277 290 251 324 286 254 276 266 280 277 286 279 22.50022625
213 312 250 265 299 260 233 212 263 240 216 276 252 282 247 255 273 251 303 265 202 213 257 255 251 263 246 267 248 270 286 261 283 245 222 281 242 276 255 275 241 304 259 244 264 241 238 259 264 253 25.0002888
208 267 221 247 274 227 225 187 260 220 189 288 225 257 223 243 282 235 269 234 176 193 241 244 231 260 239 244 249 245 255 238 269 235 235 279 232 238 252 254 235 286 248 225 231 229 222 239 235 245 27.50035871
215 230 217 234 254 236 194 173 263 215 162 270 201 240 201 218 256 208 240 220 164 182 230 222 228 235 236 225 230 224 227 214 257 210 226 273 222 201 234 235 216 258 236 200 224 205 207 208 221 244 30.00013975
184 229 218 232 230 223 179 158 234 206 160 255 176 213 184 224 265 189 219 214 172 180 219 210 211 225 207 207 215 207 208 197 225 217 235 239 209 196 211 185 197 222 221 190 195 195 183 201 210 248 32.50012345
190 204 196 222 210 206 159 146 249 210 154 247 154 197 178 208 249 199 211 212 171 161 228 207 205 211 185 184 220 186 200 189 209 199 239 225 209 173 190 165 190 201 219 173 204 195 171 178 205 256 35.00011453
157 190 181 215 182 195 165 145 256 191 148 222 158 195 175 190 238 197 204 219 176 141 222 195 184 210 172 182 231 179 189 181 201 199 234 195 209 161 183 158 184 191 203 154 194 171 181 172 204 239 37.50020446
146 196 183 185 161 172 185 136 261 207 150 221 148 184 173 194 219 183 180 237 169 124 224 181 168 216 166 189 222 181 169 169 200 169 212 199 207 144 188 164 185 177 192 149 204 170 189 156 188 206 40.00006683
133 202 172 153 158 148 182 132 278 187 147 228 132 182 162 192 218 176 175 232 171 112 213 177 151 212 157 193 212 179 163 181 192 147 179 184 192 120 179 160 181 159 190 133 218 171 199 163 176 190 42.50015688
127 189 174 135 138 126 197 131 271 191 145 229 122 176 160 181 226 170 177 249 168 91 202 166 145 235 158 186 194 178 170 177 194 138 154 171 192 92 181 153 195 155 184 130 235 164 210 152 163 188 45.00028095
103 189 169 120 134 122 229 134 255 191 133 187 115 187 171 183 219 162 176 233 167 82 206 154 137 227 149 176 165 160 171 185 196 138 182 165 181 75 189 152 198 170 180 128 244 143 219 143 151 185 47.50016624
102 188 162 99 130 124 216 152 248 192 123 187 119 191 169 186 242 151 172 221 189 73 201 154 138 233 145 180 154 152 167 173 196 129 173 166 166 74 212 150 189 172 171 123 252 138 201 123 146 183 50.00008185
90 215 159 92 132 133 228 143 241 197 112 181 117 195 178 185 233 130 171 210 198 69 193 155 118 234 158 186 139 163 162 163 214 121 171 158 166 55 220 142 203 156 158 117 247 125 191 128 136 174 52.50000568
81 198 161 81 138 157 212 136 236 200 109 182 117 199 162 192 223 122 159 208 190 72 179 154 123 217 165 169 138 150 154 164 219 122 155 156 169 46 208 151 205 147 160 106 258 129 191 116 129 181 55.00000791
71 208 159 63 147 154 213 138 237 208 101 186 127 208 177 178 221 118 168 194 173 68 169 145 113 242 178 169 136 144 178 143 219 120 143 162 168 43 195 158 191 142 175 111 229 122 185 105 116 186 57.50014683
64 210 144 59 143 161 203 143 228 224 119 182 113 196 181 179 236 109 177 185 180 61 169 153 111 225 179 179 120 146 176 143 188 125 139 168 182 40 198 147 173 144 189 104 218 120 201 101 104 196 60.00016698
66 214 135 54 130 173 205 151 227 234 120 208 112 182 190 183 228 101 186 190 173 60 161 159 95 220 174 177 108 143 170 141 191 121 156 153 185 38 210 143 159 155 191 103 222 111 213 108 95 177 62.50007719
65 221 128 47 128 181 205 148 205 221 133 231 103 174 206 210 228 107 193 206 164 56 168 156 108 212 177 169 105 141 173 136 189 121 156 168 189 34 196 138 165 142 189 101 203 101 227 111 94 165 65.00032623
51 224 127 38 145 180 197 135 203 228 132 243 99 167 208 208 233 107 192 189 166 50 169 165 98 211 193 162 98 144 192 123 211 124 189 161 208 34 209 128 170 126 207 103 219 93 220 113 86 169 67.50011891
47 216 110 32 171 195 188 131 212 219 150 252 91 176 225 200 234 103 210 194 160 45 165 174 82 199 197 162 110 140 195 128 213 115 207 156 196 31 217 122 173 131 219 91 204 93 234 116 87 174 70.00049292
37 226 91 27 191 206 179 139 230 209 161 263 79 177 226 170 248 101 221 174 164 42 162 153 91 173 205 178 106 146 184 127 219 121 237 164 205 23 221 109 182 144 227 82 209 86 214 107 82 179 72.50039378
35 245 93 25 197 193 169 132 204 203 193 286 79 182 202 168 247 99 245 161 178 30 153 166 92 159 223 177 94 166 191 110 233 97 246 185 222 22 219 109 195 144 225 74 186 92 213 91 79 190 75.00060587
24 283 78 19 191 201 180 126 194 184 207 306 73 203 196 171 257 92 245 157 176 27 184 192 87 157 224 167 101 182 186 115 256 93 254 191 225 21 226 115 198 160 229 76 184 87 206 75 77 214 77.5002096
25 312 86 19 205 214 193 125 198 175 215 309 77 209 188 158 266 104 254 137 200 26 181 227 81 133 222 178 105 185 187 118 272 88 248 204 218 22 226 110 195 165 227 65 194 80 212 80 75 239 80.00012988
24 299 77 20 222 201 209 115 212 163 229 330 70 193 190 163 271 100 278 132 218 20 186 235 73 120 231 158 88 177 177 108 285 75 247 214 219 20 205 104 187 159 219 58 189 74 223 77 67 263 82.50004425
25 308 64 20 253 184 202 114 199 174 232 318 68 212 175 171 244 98 291 129 220 19 193 243 66 117 243 151 88 184 163 97 275 70 243 216 217 18 197 126 186 165 198 55 194 76 232 78 56 259 85.00011095
23 307 59 19 274 176 179 101 201 185 226 307 61 207 179 158 225 84 312 127 192 22 182 258 59 125 240 150 86 199 179 98 274 66 236 222 213 19 209 126 210 166 205 50 196 69 232 76 52 279 87.50008192
17 284 53 16 280 171 177 100 201 201 210 298 47 188 171 153 231 88 295 112 199 17 181 258 64 138 232 144 92 216 186 91 278 63 234 224 231 21 223 139 209 174 216 42 205 68 231 73 44 269 90.00142882
17 289 46 14 271 172 181 99 196 213 218 272 44 197 177 153 226 73 273 102 207 14 179 258 73 151 217 143 85 228 187 78 259 67 251 219 226 16 249 143 209 169 234 42 230 73 240 79 34 302 92.50014837
13 283 38 13 254 164 191 106 188 210 225 275 35 193 183 154 231 60 261 98 213 12 171 261 69 157 223 140 81 242 197 72 266 59 238 211 229 19 235 141 215 171 260 41 240 66 256 73 24 306 95.00004721
13 304 33 14 251 153 175 93 194 230 237 265 28 188 177 162 229 53 258 88 224 11 171 263 61 189 207 130 79 236 229 70 255 62 232 223 235 19 227 136 235 178 280 40 270 62 275 66 21 286 97.50010351
15 299 35 13 246 149 188 101 190 213 231 248 23 174 162 167 248 50 259 86 266 9 148 266 58 216 211 120 78 238 237 64 256 50 232 215 249 16 242 153 241 188 312 35 278 46 277 55 19 282 100.0000752
12 292 33 13 240 144 179 99 193 217 245 227 23 185 150 163 241 47 270 77 282 7 157 244 58 226 196 114 75 230 248 70 261 42 230 191 223 13 262 144 262 204 306 35 279 46 286 49 18 296 102.5000221
11 287 25 12 236 148 172 111 193 212 238 233 19 201 144 168 225 44 269 62 301 6 176 273 62 235 217 114 63 231 259 71 260 39 232 177 217 16 262 135 255 216 302 30 276 43 292 53 17 299 105.0000743
9 290 19 13 241 161 165 108 195 195 215 219 19 187 144 168 234 41 270 58 297 6 173 276 55 226 229 111 53 236 242 76 277 31 232 160 211 14 282 145 229 210 295 28 287 42 283 47 18 316 107.5002122
12 292 14 10 246 158 170 125 189 201 223 220 19 184 139 177 256 44 271 57 282 4 194 295 49 235 221 110 51 235 259 77 284 23 235 170 204 11 274 138 218 198 274 25 314 45 272 44 19 319 110.0002249
16 307 17 6 266 143 199 129 191 180 224 218 21 184 133 174 259 30 267 50 285 7 181 269 42 223 228 107 56 242 266 79 261 23 242 181 183 11 280 144 213 182 280 29 311 39 289 38 14 314 112.5003331
16 333 14 8 279 138 210 146 201 187 218 215 24 193 137 164 270 24 278 42 287 7 191 258 35 222 238 109 62 209 283 89 264 18 242 193 182 12 262 144 194 184 278 25 299 36 310 34 12 314 115.0007549
17 330 16 13 272 140 213 147 199 170 222 226 24 229 116 164 252 24 290 39 277 6 203 249 32 231 265 97 64 166 268 95 254 16 223 195 180 16 262 155 177 182 275 32 289 28 316 26 11 286 117.5000772
16 334 11 15 274 143 229 145 187 172 211 223 20 236 117 167 262 22 276 34 260 5 227 231 28 227 275 87 59 168 252 96 248 14 237 210 190 18 265 142 163 159 269 29 315 34 316 18 12 306 120.0000023
17 323 11 13 267 158 219 161 208 146 196 214 22 253 106 184 251 19 286 34 263 3 241 238 23 234 280 90 59 183 239 106 241 19 231 216 185 12 248 144 149 157 249 25 320 25 328 19 15 304 122.5005285
16 314 11 10 250 152 204 155 209 129 202 194 25 251 105 181 257 16 271 28 267 5 241 262 22 215 272 84 52 198 241 107 263 16 224 204 196 14 230 144 154 157 257 18 309 22 303 19 16 270 125.0002591
17 314 12 5 241 169 191 166 216 125 227 187 23 272 90 176 280 19 269 30 255 11 251 266 20 198 241 82 46 189 220 118 289 18 228 215 208 10 231 134 146 153 271 11 285 23 288 18 10 253 127.5000327
13 329 10 5 229 172 194 160 239 126 250 194 21 294 108 165 278 13 265 23 268 11 236 262 23 202 232 78 47 195 230 125 310 19 206 216 205 6 223 139 123 143 268 14 276 22 301 16 8 252 130.0002787
19 333 8 6 239 177 202 195 233 123 240 193 25 292 121 165 271 12 268 27 270 9 227 258 23 195 220 69 47 197 243 122 293 25 193 214 194 6 220 140 122 146 243 10 290 15 305 15 7 272 132.5000771
12 323 9 6 236 183 187 180 243 101 243 214 25 286 112 162 265 11 260 34 265 11 235 269 22 198 208 73 38 173 258 124 295 18 199 203 198 6 216 137 107 149 253 10 296 20 321 13 6 297 135.000614
12 309 10 7 249 200 180 172 240 99 214 235 26 266 106 165 255 12 274 32 254 10 225 286 21 217 196 68 38 179 251 105 279 15 209 198 201 6 201 141 102 156 249 11 300 15 334 9 6 288 137.5005145
14 302 9 7 226 196 171 168 260 86 202 271 24 272 108 169 251 6 274 29 252 14 241 286 20 221 181 66 36 178 241 101 284 13 234 203 213 7 205 150 96 159 213 12 309 13 336 8 4 294 140.0006863
15 291 11 7 237 194 182 161 293 71 182 277 25 258 101 152 247 8 270 30 245 12 247 272 18 224 168 68 34 179 255 103 295 13 234 203 219 8 220 173 88 176 215 8 313 14 320 7 5 314 142.5000056
17 315 9 4 222 181 177 170 278 68 177 288 23 255 93 162 247 9 266 26 250 14 238 256 15 241 170 64 27 192 239 98 321 13 229 201 233 9 238 196 88 175 220 11 312 17 300 7 4 302 145.0001958
26 322 6 3 215 174 182 169 249 63 172 290 20 266 85 165 254 7 272 22 248 14 250 270 15 257 170 61 21 198 210 90 307 16 237 209 238 10 233 196 73 188 209 11 307 16 299 12 6 288 147.5004243
27 308 8 7 227 184 206 178 228 60 182 284 18 269 86 173 246 13 280 23 259 20 268 270 13 247 178 59 21 203 194 83 298 17 247 214 241 13 230 207 68 191 212 9 289 20 330 15 8 310 150.0005002
29 296 8 6 252 192 218 183 227 62 177 277 21 255 80 170 240 19 324 18 261 17 275 252 13 257 211 61 18 210 213 79 302 18 257 215 246 12 237 216 62 192 213 8 294 22 341 13 6 320 152.5002183
32 316 9 5 263 204 223 173 228 62 182 270 19 264 73 184 246 19 328 20 272 15 283 249 13 263 213 52 17 232 200 76 293 14 233 213 244 12 220 238 51 198 213 10 272 19 290 15 5 312 155.0000627
29 318 13 6 268 199 231 169 214 65 179 290 17 260 64 182 248 16 313 22 275 19 301 235 14 232 209 51 15 234 193 65 288 14 252 223 243 12 233 280 39 175 215 7 278 19 304 10 3 314 157.500219
24 336 11 8 261 203 225 183 203 57 165 281 18 264 63 191 262 20 293 23 281 18 294 222 16 221 219 37 15 249 182 56 292 12 249 214 227 13 257 270 39 170 204 10 292 21 312 10 5 311 160.0000632
23 347 12 7 254 210 232 184 196 49 168 255 17 264 49 200 246 24 290 19 286 21 263 225 17 213 210 32 15 266 179 61 298 17 243 213 241 11 268 284 33 174 220 9 284 20 333 12 6 327 162.5002024
25 331 12 7 247 209 222 190 212 42 173 250 20 278 44 184 225 23 253 14 293 21 227 245 17 214 204 29 11 254 179 53 302 16 270 208 256 12 272 270 36 184 212 10 289 18 313 8 8 314 165.0000707
26 311 12 5 268 210 221 195 222 45 173 233 19 281 37 186 229 18 252 12 294 20 238 252 18 256 201 21 10 271 181 50 285 17 289 195 275 11 290 264 37 198 238 11 273 16 297 6 10 312 167.5003786
25 290 7 7 250 206 216 214 226 38 166 246 15 263 31 168 226 15 243 8 308 22 237 253 17 247 203 19 9 295 193 43 278 14 289 196 252 11 287 260 29 184 234 13 277 14 305 7 9 342 170.0000507
24 270 7 7 246 211 228 185 215 30 186 224 14 261 31 165 233 15 253 6 315 18 220 255 17 259 217 14 8 293 196 37 265 17 306 207 253 11 274 262 21 168 232 15 287 11 310 5 9 319 172.5001999
19 260 8 5 245 224 206 182 218 30 200 217 17 267 28 164 247 15 263 9 327 17 221 260 18 261 225 12 9 300 200 34 256 15 322 210 268 10 262 243 22 177 241 22 312 13 282 4 12 315 175.0000394
22 258 8 7 249 185 196 190 215 19 196 218 18 273 23 157 235 16 254 11 331 14 222 256 20 254 258 12 10 298 186 25 256 14 342 226 277 16 259 237 21 187 240 22 336 18 261 5 11 319 177.5000163
20 288 5 9 225 182 199 178 235 15 208 231 14 281 14 157 246 15 232 13 347 15 240 264 32 246 277 13 9 261 177 26 281 14 319 236 291 18 241 241 19 191 233 25 301 14 263 7 13 316 180.0004211
21 293 6 9 231 191 194 158 228 18 239 238 16 284 12 167 228 13 227 14 325 17 225 262 31 246 297 12 8 260 182 25 279 13 303 231 285 18 225 227 20 196 219 25 307 14 260 9 15 318 182.5000402
23 291 5 10 258 176 187 155 250 19 252 247 16 275 13 163 243 13 222 15 305 19 211 259 23 242 309 9 10 252 182 22 290 12 307 207 282 18 213 214 19 196 200 22 290 15 276 9 19 349 185.0012033
23 298 5 10 293 174 189 152 250 14 271 235 17 263 13 155 229 9 239 13 297 19 220 246 25 244 291 10 11 281 186 23 302 13 282 189 263 12 231 206 17 206 205 22 280 13 296 12 17 326 187.5000832
21 315 6 11 319 170 196 165 246 15 280 223 17 266 16 147 242 14 270 16 295 18 202 251 25 241 265 9 8 282 192 22 305 15 277 179 239 16 199 197 13 231 223 21 256 21 301 10 12 313 190.0005279
17 328 8 15 323 181 191 170 242 16 281 201 11 265 16 162 234 15 262 15 290 17 223 276 25 242 262 9 4 259 203 22 306 12 285 176 219 13 198 200 16 216 257 16 257 18 314 7 8 321 192.5004176
16 327 5 14 291 163 184 169 244 12 284 205 8 263 13 161 233 13 286 14 276 15 211 260 24 250 273 7 5 231 217 23 302 11 292 195 208 9 211 208 14 221 275 15 251 20 310 8 7 330 195.0003001
18 336 9 14 283 160 197 174 257 14 276 201 10 262 17 172 238 13 270 17 278 18 218 230 30 246 274 7 3 218 238 20 319 9 313 189 193 8 205 206 14 203 294 15 259 26 297 12 7 308 197.5001983
17 320 8 13 276 143 207 159 271 13 278 209 10 257 13 172 233 12 299 13 254 19 221 223 28 254 257 6 3 212 236 19 293 10 314 174 185 8 214 201 16 198 317 15 264 21 308 13 5 312 200.0000009
21 319 10 13 290 134 213 156 287 17 264 201 10 271 16 199 254 10 309 16 256 18 222 211 23 255 246 6 4 220 261 22 290 9 325 168 189 6 208 199 15 194 303 19 285 21 351 12 4 327 202.5000499
18 315 9 13 298 123 200 163 285 15 249 194 13 275 15 211 257 11 352 15 256 17 204 196 20 262 247 5 3 215 264 27 301 10 323 160 196 5 211 190 15 185 300 18 283 22 368 13 5 316 205.0001845
18 304 8 14 279 113 192 174 287 14 244 204 13 293 16 221 245 9 349 14 267 15 207 187 20 257 238 3 3 201 272 21 298 13 292 173 208 3 209 200 13 223 268 16 286 13 365 14 8 304 207.5001501
21 311 5 12 280 110 188 168 294 14 237 206 12 299 12 206 212 8 346 12 294 16 194 208 20 241 247 6 2 217 277 23 281 15 283 168 190 5 223 196 13 225 264 13 317 13 363 14 7 296 210.0006746
20 304 5 11 280 122 172 177 278 15 243 186 10 296 12 219 222 6 337 11 288 14 193 222 17 228 264 5 2 224 260 22 256 15 266 167 203 9 221 226 13 226 262 15 345 15 352 10 7 293 212.5003004
20 296 4 10 275 131 156 190 274 19 236 190 12 304 9 222 235 5 317 16 287 14 187 237 15 255 265 4 4 249 245 16 257 16 270 163 220 8 220 240 15 246 268 13 342 15 344 9 5 303 215.0000116
19 312 3 12 291 133 156 208 266 19 213 206 14 315 8 199 224 4 301 19 287 14 190 244 16 269 266 6 5 255 249 13 278 17 273 160 233 14 230 256 12 263 238 18 346 12 325 8 4 309 217.5001109
20 331 7 13 304 133 157 214 256 17 214 178 15 286 10 194 226 8 296 18 303 12 198 273 13 253 250 6 5 251 234 13 261 18 268 143 248 13 238 262 15 283 239 15 345 12 323 6 4 282 220.0002206
19 307 8 11 295 119 157 231 257 19 191 180 13 287 10 193 204 12 294 15 312 11 221 280 10 254 237 8 7 241 223 7 283 20 279 139 251 12 239 268 15 292 233 15 356 11 339 5 5 263 222.5006074
15 301 7 11 302 103 162 235 241 21 187 188 11 305 9 171 215 10 283 13 311 12 211 282 9 243 220 10 6 240 231 3 284 20 268 134 246 14 268 283 14 266 214 10 345 10 352 5 8 293 225.0001113
16 305 8 11 318 106 172 212 239 19 198 189 5 292 12 173 226 11 277 15 293 10 201 277 11 248 205 8 5 237 232 8 291 23 247 129 229 16 274 303 13 264 211 11 311 14 346 3 6 318 227.500613
17 290 8 13 298 110 154 208 256 16 197 195 10 311 11 171 240 11 275 11 303 13 195 254 15 239 188 8 9 240 233 12 319 20 253 119 234 20 281 306 15 263 200 15 294 14 388 4 4 320 230.0000644
18 309 7 17 320 96 151 192 250 13 208 202 9 318 12 184 226 16 267 14 301 14 200 244 19 245 171 6 7 250 234 13 299 20 262 117 215 21 270 294 17 268 171 16 284 12 377 6 3 315 232.5000684
16 315 7 21 273 95 163 183 260 14 226 190 21 337 12 186 208 15 255 10 320 15 227 230 16 263 170 6 9 233 239 12 318 14 246 114 210 21 256 269 15 269 175 20 310 16 339 6 5 329 235.0001625
15 333 10 19 290 86 177 181 254 15 254 198 23 317 15 175 217 13 233 9 336 15 249 223 20 253 175 7 8 237 252 14 313 12 222 103 202 21 248 267 18 236 194 22 315 17 330 6 6 346 237.5000064
19 323 9 14 289 86 189 170 246 15 284 219 26 315 11 180 219 17 240 10 315 18 247 195 19 256 175 8 8 222 242 15 316 14 224 114 198 20 237 251 20 214 214 23 312 18 328 7 6 365 240.0000291
17 323 7 10 292 85 193 157 257 18 263 230 25 321 13 178 210 10 276 10 322 19 248 200 19 233 188 10 8 214 244 10 289 15 211 101 221 19 205 228 14 204 213 26 333 16 337 8 7 354 242.5000127
21 339 7 11 312 78 206 144 252 14 266 233 23 345 15 173 195 6 289 12 287 18 266 207 18 225 188 10 9 218 271 11 306 14 244 102 231 16 196 225 19 208 222 29 337 20 340 12 8 361 245.0000895
23 342 5 13 331 79 206 135 235 12 275 234 19 344 14 158 187 9 279 7 294 24 253 219 16 217 204 9 4 208 248 13 325 11 267 101 248 15 172 229 17 217 236 32 334 23 360 13 7 359 247.5000246
24 324 2 10 333 69 201 134 247 9 263 227 24 348 15 143 190 6 265 5 283 19 260 218 19 216 206 8 3 222 239 11 321 12 287 109 246 16 160 224 14 230 234 31 309 21 362 12 8 347 250.0004121
20 299 3 13 316 61 200 127 257 11 277 244 18 335 16 140 192 8 260 7 263 15 278 222 14 235 229 6 2 208 230 12 305 9 295 110 241 13 159 228 11 241 241 24 288 21 376 10 10 332 252.5000483
18 286 3 14 306 52 203 122 262 12 271 252 16 334 15 152 192 12 277 11 236 14 270 215 7 234 260 3 5 231 218 13 295 9 286 104 248 10 182 232 15 249 246 23 304 27 358 10 11 336 255.0003254
18 299 5 13 324 55 197 125 253 12 265 243 19 316 13 151 172 6 283 9 248 9 254 251 8 240 258 4 4 242 209 15 322 12 282 89 264 11 176 242 18 259 215 22 291 29 345 8 8 335 257.5003099
22 313 5 13 303 51 206 128 276 9 260 248 16 287 12 150 186 7 281 7 235 8 275 253 10 244 264 7 3 254 226 14 318 11 276 85 269 11 184 237 21 250 205 24 295 34 342 9 10 333 260.0000365
26 303 5 12 282 46 230 137 271 12 255 226 18 298 13 152 200 8 284 9 232 7 259 254 14 250 261 7 6 263 213 13 312 16 285 68 262 15 199 225 24 255 185 24 281 31 345 9 9 329 262.5000949
25 301 5 12 322 43 234 146 267 14 246 233 19 308 13 165 191 9 293 9 223 11 251 249 16 261 251 6 6 269 209 16 319 16 294 59 271 18 196 229 19 262 182 22 293 28 342 8 8 315 265.0001953
27 313 5 14 305 41 234 149 246 14 251 218 18 279 11 185 177 10 285 10 250 10 269 239 19 257 258 5 4 253 215 10 321 16 303 48 283 13 193 216 20 260 180 20 304 29 318 10 10 333 267.5005075
24 321 7 12 299 36 245 143 241 16 221 214 21 285 7 202 173 13 299 13 264 9 263 264 20 242 230 7 3 243 231 11 298 15 306 40 293 13 219 216 16 273 155 26 291 28 305 6 14 314 270.0001712
28 335 7 12 311 35 258 133 249 16 209 211 21 290 8 192 184 18 292 14 273 11 255 266 20 227 214 5 3 243 223 12 285 18 334 32 300 15 215 245 20 284 145 23 300 27 324 8 12 298 272.5003101
29 349 7 10 309 25 262 134 220 13 228 203 16 304 9 226 176 20 302 14 293 13 247 264 18 234 204 6 3 264 245 15 272 16 345 31 316 17 228 253 16 267 139 18 327 30 309 10 11 296 275.0000057
27 341 8 10 326 23 262 152 212 8 223 210 15 307 14 233 179 21 283 18 295 15 242 279 17 206 198 7 6 272 246 12 270 17 343 26 289 17 224 252 14 302 142 15 313 28 313 9 9 327 277.5000625
25 339 9 8 343 20 280 137 226 9 216 213 12 343 15 254 186 18 278 13 269 16 229 280 16 204 213 8 3 281 262 12 273 17 333 25 288 14 217 253 14 307 146 10 325 26 289 7 6 318 280.0006091
23 346 7 14 329 18 260 141 229 12 218 201 10 340 14 271 200 16 291 10 285 16 227 279 14 198 213 7 2 251 265 12 289 20 317 24 314 16 200 258 14 306 143 9 314 27 306 2 5 297 282.500046
19 344 6 11 331 19 257 138 221 13 215 228 7 347 16 276 195 18 302 15 279 15 234 292 10 181 233 6 5 249 270 14 276 17 311 31 285 16 199 251 12 286 111 14 325 19 330 1 5 295 285.0001318
15 327 5 13 354 21 254 127 227 14 209 222 7 349 19 263 190 20 304 13 271 13 263 288 7 195 250 5 5 236 271 12 302 17 317 35 281 14 199 253 12 259 102 14 296 22 343 2 6 300 287.5000636
17 319 6 11 364 21 248 117 234 15 180 229 8 337 16 259 196 16 302 12 270 12 267 283 10 175 266 5 4 241 282 12 308 18 335 31 309 15 205 243 9 268 121 13 304 17 310 2 11 293 290.0002201
22 318 6 12 350 25 269 105 236 13 171 247 11 324 16 257 202 15 300 12 261 12 280 305 10 201 276 5 3 255 288 13 323 16 323 34 320 13 199 238 9 263 119 18 314 16 283 2 14 302 292.5000018
19 304 9 10 329 28 240 89 231 16 172 245 15 305 16 280 222 12 301 10 265 9 299 299 16 233 302 5 2 267 277 15 301 15 339 31 308 19 203 222 11 263 129 17 311 19 289 4 14 293 295.0004345
15 306 8 8 345 32 235 91 255 16 187 255 19 281 18 286 230 15 289 16 270 10 309 284 13 227 321 3 4 262 308 15 300 13 293 37 323 22 215 228 12 271 124 19 305 21 311 3 16 325 297.5002417
13 309 8 7 333 33 226 93 275 18 188 253 23 250 16 287 252 14 274 18 288 13 303 279 15 233 304 2 5 280 309 15 306 15 307 33 312 14 248 237 11 276 114 21 297 20 335 9 17 325 300.00006
18 306 8 8 355 29 258 93 285 14 208 245 19 245 10 302 250 9 256 17 279 15 265 283 15 231 303 2 7 286 296 22 283 15 312 30 314 12 254 244 10 283 106 15 285 18 368 9 17 314 302.5000034
16 322 7 8 367 28 262 86 295 13 200 252 18 259 8 292 284 9 247 18 262 12 254 271 17 251 290 1 9 287 297 24 283 18 299 35 308 16 280 229 10 282 104 13 269 18 357 8 13 316 305.000051
14 329 4 8 347 31 265 84 294 12 199 234 16 285 10 265 255 9 249 19 258 9 239 282 21 253 293 1 9 313 293 27 288 22 293 31 272 13 287 231 9 294 103 12 280 19 351 9 11 302 307.5006236
16 347 2 10 324 29 280 85 280 12 189 232 12 308 9 241 241 7 257 22 306 8 219 277 21 271 281 2 6 303 298 28 279 25 310 30 271 14 292 241 9 292 112 10 297 20 313 9 9 289 310.0000613
20 351 2 6 294 28 273 81 271 17 183 227 15 315 12 245 237 8 251 18 331 9 198 289 24 263 292 3 8 287 300 25 265 23 323 29 299 12 286 261 10 308 113 11 323 19 322 7 7 285 312.5009409
22 348 2 6 301 28 295 84 274 17 190 229 17 316 8 240 210 12 267 13 330 13 189 282 21 235 294 6 10 264 271 19 265 20 329 28 301 13 284 259 12 353 120 10 310 17 321 6 7 292 315.0003921
22 337 4 6 311 25 300 83 283 21 188 234 22 320 9 242 211 12 265 13 338 12 200 276 19 240 299 5 12 266 258 24 279 19 323 26 308 15 286 264 10 348 112 8 301 20 307 6 6 286 317.5003542
19 296 2 6 308 25 311 84 275 21 194 251 18 315 8 247 202 10 242 18 306 18 216 284 20 244 282 6 15 262 256 20 292 22 314 28 306 16 288 258 15 316 121 9 289 22 274 6 8 296 320.0002565
17 309 2 7 295 23 331 91 269 18 179 234 16 305 13 235 187 11 248 13 301 23 217 288 22 252 279 7 13 248 215 19 290 17 315 22 320 15 267 264 14 331 118 9 296 30 268 7 12 300 322.5004852
17 278 3 5 297 19 308 96 249 15 186 234 15 303 15 237 168 9 250 13 291 22 222 264 16 250 295 7 13 227 193 18 291 20 293 21 323 17 250 232 13 338 117 7 307 21 299 6 11 281 325.0000177
15 259 3 5 308 20 306 83 269 13 191 235 20 305 9 238 167 11 251 14 282 21 223 274 13 232 305 8 14 228 194 19 313 21 273 15 311 14 241 229 15 324 116 7 318 21 314 5 7 271 327.5001951
14 271 4 6 306 12 315 85 252 12 190 240 15 286 9 248 172 15 262 17 275 18 226 263 15 233 272 9 16 223 204 18 331 21 271 11 309 13 235 229 17 322 116 9 327 20 312 3 7 283 330.0001268
11 274 7 3 340 12 284 85 244 11 191 239 16 289 11 250 166 21 277 16 276 15 213 263 16 227 266 9 17 236 221 17 303 25 242 11 305 10 242 212 15 302 124 9 323 19 350 4 7 276 332.5005426
9 265 7 4 318 10 279 81 274 16 209 206 13 306 14 239 169 20 288 16 292 15 199 258 16 239 267 9 15 241 226 18 332 24 245 9 321 12 250 210 12 308 133 7 315 21 352 5 6 293 335.000373
12 236 8 3 325 10 269 78 269 18 202 207 12 329 20 216 164 18 304 17 292 18 201 250 17 223 268 8 12 242 223 14 334 24 240 9 340 12 244 217 13 305 118 8 336 21 367 5 6 305 337.5003409
15 246 5 4 333 11 259 74 237 12 197 207 11 324 20 235 162 18 289 19 269 16 209 254 16 225 243 8 10 241 215 10 324 17 247 5 331 12 243 234 15 273 123 9 338 18 363 2 6 293 340.0002972
17 253 4 3 335 15 259 71 239 10 202 204 14 315 15 220 158 15 274 15 257 15 228 231 17 201 239 8 7 241 213 8 313 17 265 7 320 11 261 244 18 273 111 10 314 15 356 4 7 297 342.5000031
15 261 7 8 327 16 267 68 255 11 203 188 15 314 11 214 163 15 268 17 258 14 236 210 16 197 242 9 6 256 207 9 299 20 300 9 317 10 273 243 18 278 119 7 302 14 292 4 6 310 345.0004588
16 235 9 8 314 15 249 67 270 14 219 193 12 309 10 228 164 13 244 17 249 11 242 209 15 186 273 10 6 252 221 11 290 24 300 10 286 18 265 243 15 309 116 9 311 14 305 4 5 309 347.5003573
16 236 11 8 310 14 250 59 261 16 248 199 14 293 7 217 155 11 253 14 263 10 278 200 14 183 265 10 4 250 222 10 294 16 299 12 296 17 250 257 11 296 132 10 305 14 317 3 8 312 350.0000455
17 249 13 5 314 17 266 55 271 18 245 208 13 275 11 234 154 9 273 15 274 7 289 187 14 188 261 11 3 259 226 8 293 15 296 14 303 18 255 268 11 313 142 9 323 11 291 5 6 303 352.5000064
24 257 12 6 330 16 257 49 274 13 248 215 16 282 13 236 170 14 269 16 281 8 277 165 13 187 263 8 3 264 204 10 265 17 309 11 274 17 274 262 7 326 154 13 347 11 322 2 3 307 355.0007398
20 268 12 9 329 19 264 42 258 14 237 230 13 279 14 234 188 14 237 11 281 12 275 163 12 194 292 9 3 241 205 10 262 16 334 13 253 18 257 253 12 288 177 12 348 12 324 5 4 343 357.5000763
16 272 11 12 316 17 275 34 280 14 245 238 16 300 15 252 195 17 245 10 283 10 247 168 10 217 277 9 4 251 208 12 297 16 314 12 248 14 239 239 11 269 181 15 343 13 326 8 6 330 360.0002172
19 272 9 13 298 17 291 28 276 15 243 251 17 295 16 264 208 19 222 11 260 18 245 180 12 213 288 9 5 241 202 14 303 15 314 18 232 18 247 227 16 250 199 10 332 10 329 8 6 319 362.5010491
17 262 7 14 302 16 290 22 282 13 255 253 19 282 15 275 242 16 242 9 248 15 234 189 12 216 304 9 8 260 224 17 311 11 320 17 238 16 231 241 18 275 192 12 307 10 317 8 7 318 365.000494
13 274 7 16 292 13 288 19 257 11 268 263 19 275 15 277 260 17 244 12 270 14 248 192 9 207 295 10 7 268 205 15 317 14 319 17 229 10 248 239 11 293 196 13 300 9 324 7 6 321 367.500001
14 275 11 13 287 8 299 22 252 15 265 254 17 262 20 262 263 13 265 11 282 17 265 202 8 237 304 8 10 296 189 15 333 16 305 17 237 10 243 253 13 289 195 11 300 11 337 6 9 327 370.0000784
12 281 11 15 296 10 293 17 245 13 272 249 24 277 23 243 257 8 280 9 281 16 281 215 11 250 288 7 7 304 205 16 316 12 322 23 232 11 247 272 15 269 197 12 299 15 340 6 9 331 372.5004685
11 297 8 14 269 10 295 17 240 16 250 258 24 275 22 223 254 9 299 10 278 15 270 224 12 273 284 9 6 305 179 16 283 13 311 15 260 15 236 276 19 264 210 12 300 16 310 6 8 325 375.0004738
14 295 6 14 267 11 290 16 258 15 231 234 24 279 24 234 254 11 294 11 270 15 283 216 14 305 256 10 7 288 173 15 275 12 291 12 268 15 241 297 19 272 186 8 278 16 302 8 6 302 377.5002002
14 271 6 12 258 6 294 17 249 9 237 221 18 286 22 237 263 10 307 12 278 15 272 240 13 313 241 8 7 306 153 12 289 12 315 11 263 15 234 281 20 292 189 10 291 15 319 9 9 293 380.0000216
10 292 4 11 288 7 276 15 243 15 259 209 18 297 21 250 267 18 279 12 279 17 255 242 15 282 240 9 4 309 135 12 292 11 337 10 294 17 227 261 18 275 182 12 291 11 312 7 6 330 382.5000714
11 279 4 12 309 10 280 14 245 17 264 207 20 264 21 244 269 16 282 13 267 15 239 239 18 261 248 5 5 307 124 13 291 11 345 13 292 14 213 249 17 257 173 12 291 8 325 8 9 324 385.0004845
10 293 5 15 307 10 290 13 266 16 274 200 18 251 24 235 277 15 282 13 287 14 262 228 23 237 232 5 6 286 142 11 302 13 303 16 318 19 224 234 17 242 158 13 301 10 317 6 9 326 387.5003845
12 289 4 12 312 10 297 10 277 14 254 188 13 252 23 246 262 15 305 14 274 15 235 239 15 230 222 4 5 287 138 12 308 16 300 19 309 15 258 224 13 240 197 14 288 7 334 7 8 314 390.0000556
19 289 5 9 312 8 289 15 266 11 240 197 15 236 17 237 256 17 289 11 275 9 234 260 9 227 221 5 7 306 154 10 320 15 291 16 311 12 266 230 13 240 215 9 291 9 352 4 7 331 392.5004312
24 296 6 8 302 10 290 16 273 16 243 207 16 248 16 261 255 18 284 11 261 11 221 262 11 211 230 3 8 279 161 10 322 16 296 16 317 13 291 221 13 232 221 8 287 11 345 5 6 332 395.0000049
21 300 7 11 293 11 257 18 268 19 250 213 17 254 11 268 248 22 269 14 265 10 224 263 13 203 222 1 6 282 189 11 314 12 295 15 303 13 280 251 11 226 218 3 307 13 319 5 5 340 397.5001109
24 295 9 8 322 15 260 17 252 19 247 220 15 250 13 265 241 18 243 12 284 7 243 247 11 208 234 3 6 308 213 14 320 16 312 16 323 11 293 284 12 225 205 4 307 11 335 6 7 360 400.0002089
18 285 11 6 340 10 239 17 277 21 223 207 13 263 10 249 262 17 252 10 287 6 269 252 14 219 249 5 9 310 220 13 324 19 282 10 319 10 279 291 13 212 220 4 316 10 349 7 9 349 402.500135
21 278 7 3 326 13 224 15 272 22 208 231 11 273 11 250 257 16 236 7 277 6 279 260 13 253 243 5 8 284 232 15 336 17 274 7 312 9 288 272 15 195 222 4 322 14 342 7 9 327 405.0010326
22 275 5 6 320 14 232 13 277 17 205 241 15 277 12 273 236 22 246 9 258 7 270 254 13 252 231 8 8 274 240 16 358 15 265 11 320 11 287 268 18 194 228 7 337 19 336 8 7 322 407.5001358
18 280 6 7 332 12 265 10 274 17 217 251 15 285 10 271 229 19 248 13 246 10 270 252 12 256 219 8 7 265 242 12 364 15 268 15 320 10 295 273 16 203 234 4 339 19 295 8 8 326 410.0001575
15 306 7 6 340 15 285 15 299 18 230 251 16 266 9 266 222 16 260 11 247 13 260 236 10 268 229 8 7 282 226 14 355 14 288 15 317 13 304 267 13 222 226 5 332 22 270 6 9 325 412.5000481
12 303 6 11 333 18 324 13 294 22 232 234 16 242 8 272 221 13 269 10 252 16 268 239 11 243 226 10 8 277 233 14 343 13 269 11 308 12 299 265 9 260 214 7 313 23 257 9 10 304 415.0008035
11 288 6 9 321 18 326 10 282 19 255 233 15 266 11 264 216 9 278 10 269 14 271 233 12 237 229 10 8 270 242 14 305 13 254 8 308 13 299 253 11 266 223 9 314 27 268 6 7 310 417.5005792
12 287 9 7 311 22 300 10 271 19 268 222 13 262 16 256 220 8 290 9 268 20 275 219 17 234 214 9 6 254 249 15 288 13 259 8 290 14 299 271 15 277 216 6 311 25 269 5 7 312 420.0001204
16 270 7 7 307 20 296 12 269 19 251 205 11 251 16 248 222 11 302 17 299 25 272 220 17 220 243 7 5 269 248 12 292 17 277 11 266 18 297 267 15 282 220 7 297 24 271 10 8 315 422.5004679
21 266 9 5 303 19 319 15 275 19 273 218 12 248 14 221 224 8 298 15 315 22 259 215 11 209 245 5 7 263 250 14 305 17 282 8 260 20 291 256 11 281 230 8 281 24 283 6 5 307 425.0000674
21 276 6 6 284 21 311 11 283 16 252 218 13 245 8 216 222 12 290 13 302 21 242 231 12 208 270 3 8 259 252 16 283 16 276 9 261 23 288 240 13 297 250 11 302 23 302 9 8 303 427.5004508
18 297 5 8 271 18 315 11 284 14 260 221 13 254 8 214 235 15 293 20 278 19 228 218 15 210 297 3 9 244 271 13 280 14 289 7 258 22 266 254 17 280 241 11 305 24 326 10 11 323 430.0003833
17 290 7 8 297 19 308 10 288 15 246 226 15 267 11 205 233 14 283 14 279 17 220 227 14 212 296 4 6 243 268 14 279 12 316 6 264 18 262 262 17 253 237 9 322 21 331 9 6 324 432.5001707
16 283 6 9 298 15 310 14 268 15 241 217 19 309 12 208 242 16 274 15 285 16 226 235 15 211 285 5 9 229 270 13 289 7 319 12 246 17 248 280 18 269 245 9 330 23 336 8 5 337 435.0000565
17 268 4 8 292 13 288 16 270 17 240 225 19 328 13 190 252 18 285 16 290 14 242 219 20 241 291 3 8 226 253 13 275 8 324 11 246 15 254 301 21 258 257 11 304 20 333 7 6 339 437.5005919
20 286 5 14 275 15 272 17 255 15 250 239 19 321 14 179 271 23 272 13 289 15 233 212 18 238 300 2 9 245 236 13 272 10 337 9 249 20 227 303 17 252 251 15 300 20 320 6 3 360 440.0000272
25 309 4 12 287 13 275 15 270 13 224 254 20 304 12 165 270 26 268 19 295 17 238 226 19 243 270 3 8 252 237 16 268 13 351 6 243 20 210 309 20 228 260 14 301 13 310 6 4 360 442.5002539
19 289 9 10 298 12 261 19 272 16 195 251 20 293 11 151 292 23 287 19 274 14 222 233 15 251 248 4 8 257 227 16 250 17 346 9 237 22 218 298 16 224 256 14 328 16 330 4 6 342 445.0006927
15 306 14 10 271 11 251 21 280 15 207 233 18 283 11 141 329 26 290 19 283 18 223 229 16 250 250 4 7 272 210 14 250 19 345 13 233 20 201 278 13 236 266 12 339 14 331 8 9 331 447.5008748
17 290 11 8 273 15 260 23 275 18 210 226 20 296 14 146 319 22 276 19 282 14 222 225 18 239 230 5 10 271 207 18 260 22 341 12 243 16 207 279 10 242 265 10 322 11 317 5 14 325 450.0000991
19 279 8 8 258 13 278 26 292 19 218 222 18 268 12 142 296 24 276 21 270 12 233 225 18 219 216 4 10 257 198 17 279 26 340 14 237 17 204 263 7 238 275 11 310 11 314 7 6 318 452.5005672
22 306 5 6 262 14 300 27 294 18 212 207 19 261 12 150 318 28 291 18 286 12 242 211 18 215 215 6 8 237 211 10 303 27 320 14 236 20 222 282 10 237 254 15 308 16 318 7 7 326 455.0002283
23 296 6 4 257 10 300 25 277 15 229 202 23 278 14 152 324 30 291 16 287 12 239 210 23 212 214 5 8 242 201 12 313 21 305 17 248 14 211 278 11 225 235 17 310 16 320 9 9 305 457.5000308
26 285 6 3 276 10 295 25 297 17 241 182 24 258 16 149 310 27 289 16 293 13 234 213 20 230 223 7 10 249 203 14 326 23 303 17 252 13 200 278 16 230 220 17 284 16 321 8 8 305 460.0002097
27 273 6 3 277 8 283 29 304 11 253 171 21 262 17 152 300 25 282 16 309 9 228 205 20 223 210 11 11 255 229 11 308 25 312 13 290 16 195 276 10 216 216 17 275 19 297 10 8 281 462.5001532
25 261 6 4 254 12 287 27 320 11 260 194 20 259 14 167 293 29 282 15 317 8 211 210 21 235 190 8 11 260 234 8 313 22 283 17 304 13 183 280 13 215 222 15 265 21 308 7 6 270 465.000111
25 260 8 5 267 12 292 25 313 9 263 218 16 248 16 157 294 31 286 18 299 12 200 197 16 254 201 9 17 254 239 13 326 18 283 19 328 9 193 301 18 209 241 18 273 23 303 6 6 300 467.5000697
27 294 8 5 271 17 299 25 303 16 246 216 16 250 15 159 267 32 287 13 285 11 193 208 16 255 184 7 15 226 241 16 331 17 269 16 350 10 207 303 16 208 221 19 270 25 313 8 5 292 470.0000069
24 291 8 7 280 13 295 20 302 10 244 248 16 244 10 158 255 31 276 15 297 13 193 209 20 255 192 5 12 221 245 21 344 13 274 14 348 11 222 295 15 215 226 23 260 25 310 9 5 277 472.5003911
19 287 10 4 311 14 296 18 301 10 224 267 15 278 13 162 250 29 287 17 297 12 188 218 15 259 191 5 10 228 251 18 318 11 277 11 355 11 213 298 14 212 243 23 284 28 335 10 3 280 475.0001541
17 299 12 9 324 19 281 14 303 10 206 298 11 290 13 154 247 24 266 19 294 17 182 228 13 256 189 5 9 228 260 19 321 12 298 7 354 7 214 280 15 216 283 18 279 29 318 10 4 278 477.5003814
13 315 12 12 343 22 289 19 315 5 214 282 12 313 10 190 248 17 251 16 307 20 187 234 15 252 188 4 4 232 266 20 317 13 288 16 352 7 217 258 11 226 297 20 279 28 311 13 7 307 480.0000191
13 294 13 14 367 22 278 18 300 7 215 296 8 312 8 189 259 17 264 15 298 20 198 237 14 242 209 5 5 250 263 19 315 13 279 20 339 5 221 255 11 222 294 23 305 29 296 8 5 324 482.5001145
19 309 12 13 352 27 262 16 327 7 220 285 10 304 8 202 244 14 258 15 308 17 208 226 11 240 212 8 5 249 276 21 304 17 277 19 345 8 229 269 8 209 289 24 319 33 274 11 7 337 485.0001316
21 297 13 11 322 22 259 21 302 6 215 286 16 290 11 195 234 20 272 12 282 18 214 214 13 243 229 9 8 225 260 20 318 16 264 14 328 12 214 268 9 190 280 29 297 25 284 13 6 324 487.5004613
21 324 9 13 323 22 246 18 304 7 215 282 16 291 13 199 228 22 281 9 266 18 242 238 16 247 227 7 8 230 253 24 320 8 264 13 335 12 207 245 6 203 270 29 293 20 276 10 4 313 490.0002108
18 324 11 14 315 29 245 16 286 4 212 283 19 301 11 197 231 18 302 5 268 21 233 232 16 244 225 8 11 228 268 21 310 9 267 10 318 9 204 254 5 195 266 26 296 15 273 13 3 307 492.5010004
18 329 11 13 307 31 253 18 281 4 213 286 17 301 15 194 228 17 325 8 268 16 251 258 17 285 221 9 14 246 262 21 305 9 269 13 312 7 225 248 7 198 241 28 275 16 272 11 6 321 495.0003908
21 342 11 16 296 26 272 19 290 4 206 288 16 295 15 192 228 16 303 7 285 20 244 259 18 287 210 10 10 274 260 22 290 10 270 15 305 10 228 258 6 198 218 23 276 17 292 10 6 339 497.5001102
23 321 11 14 304 24 297 19 298 4 197 293 14 262 17 180 218 14 288 6 280 22 227 263 16 292 222 10 8 295 247 20 284 11 279 17 284 9 233 274 6 194 200 20 282 16 302 7 6 333 500.0002061
