500 500 500 500 500 500 500 500 500 500 500 500 500 500 500 500 500 500 500 500 500 500 500 500 500 500 500 500 500 500 500 499 500 500 500 500 500 500 500 500 500 500 500 500 500 500 500 500 500 500 1.123839377e-05
12 6 10 14 14 14 6 7 13 12 11 6 8 15 10 14 10 11 6 9 10 10 13 10 4 13 10 8 10 10 13 15 7 11 12 9 9 12 15 10 12 10 13 9 8 7 7 11 14 9 2.500008456
17 11 14 13 11 10 16 11 14 11 11 11 5 22 10 13 24 15 8 10 11 14 15 12 15 12 14 20 8 10 10 11 14 11 6 14 10 14 9 10 11 12 18 14 13 6 11 15 13 12 5.000010761
17 17 25 18 26 24 13 15 13 17 13 24 11 11 20 16 8 17 14 11 11 13 23 13 23 18 20 21 13 19 20 16 21 15 26 24 17 15 15 21 18 25 25 22 20 22 16 19 16 12 7.50012654
15 27 15 16 16 23 24 15 24 15 22 20 19 31 18 24 25 30 14 20 25 25 23 19 29 29 29 22 29 18 17 25 22 30 25 26 21 20 25 33 27 20 30 26 23 15 30 29 19 20 10.00014104
33 38 21 31 26 21 26 32 32 32 27 31 26 32 38 23 30 30 25 26 26 32 32 35 24 26 30 40 34 25 27 33 27 40 26 30 18 28 31 33 40 28 30 38 25 42 37 37 22 27 12.50007207
42 30 39 31 26 30 36 39 37 41 43 42 34 37 42 31 39 37 28 35 21 47 40 30 33 33 37 26 32 37 35 42 33 58 43 33 35 33 47 41 40 30 46 38 30 27 37 39 42 34 15.00014308
46 47 53 40 41 47 52 55 47 52 46 32 44 42 51 40 54 58 54 68 45 46 54 40 37 50 48 28 52 37 53 50 60 44 63 37 37 42 47 44 56 42 44 41 42 50 47 48 42 46 17.50079383
53 41 53 51 48 58 56 94 47 47 74 35 68 55 56 56 44 55 70 64 55 59 58 48 37 66 52 49 49 60 65 54 65 54 64 45 42 58 52 50 54 49 50 62 46 48 65 46 58 67 20.0000423
70 61 62 60 49 65 60 112 76 51 71 70 63 67 63 73 57 47 61 67 79 64 58 58 50 56 58 62 67 62 68 64 68 63 80 52 48 51 69 59 66 49 72 84 69 63 68 44 56 63 22.50022625
101 49 75 79 57 77 79 103 78 60 98 82 75 59 73 86 67 65 60 60 84 74 71 67 82 82 75 71 74 56 60 74 86 81 90 93 72 65 64 72 61 74 79 77 65 73 70 71 63 84 25.0002888
97 67 105 76 70 96 93 102 88 73 111 76 80 66 92 88 78 81 72 86 117 100 76 83 84 83 85 91 82 73 53 90 82 85 82 69 88 82 58 72 72 76 79 82 81 77 97 78 82 100 27.50035871
89 83 100 104 78 91 109 98 73 85 129 84 82 71 98 118 76 83 69 97 129 97 99 83 85 84 68 99 105 80 71 103 76 100 102 60 94 103 76 84 93 73 77 99 92 109 91 87 92 81 30.00013975
101 83 102 92 101 103 124 115 95 104 124 87 102 91 105 113 72 102 88 106 122 113 90 89 102 84 96 96 113 96 90 98 79 108 98 66 113 101 83 93 99 83 81 103 106 128 100 96 88 76 32.50012345
111 103 117 97 95 128 126 133 105 103 141 89 121 100 131 109 74 112 96 119 125 134 100 109 108 101 105 111 105 118 107 119 91 114 91 72 117 106 131 119 108 104 93 125 120 119 117 111 86 71 35.00011453
123 123 117 88 102 120 138 157 98 107 153 109 126 112 125 131 85 111 120 126 129 158 101 114 107 106 127 126 99 128 113 118 119 110 97 85 125 109 143 143 117 113 89 154 121 123 138 106 96 73 37.50020446
136 119 135 107 129 140 128 182 100 106 148 112 136 126 133 136 97 105 129 124 128 179 89 122 132 110 133 142 104 134 148 141 136 118 101 100 133 123 148 146 124 115 112 159 140 116 147 111 111 95 40.00006683
156 112 152 120 139 154 132 190 85 130 153 100 138 131 166 123 119 98 128 108 134 209 105 134 135 118 163 118 113 148 162 149 126 124 117 124 144 143 162 140 142 149 120 160 136 127 135 129 95 117 42.50015688
184 114 149 147 171 160 151 178 72 124 166 111 151 151 164 134 114 122 121 100 142 219 115 158 145 104 165 112 131 161 150 152 116 139 153 131 130 166 150 153 145 161 116 178 120 147 129 136 112 126 45.00028095
208 115 147 149 189 186 127 177 73 128 164 118 167 157 169 141 111 136 123 101 144 214 123 175 152 118 159 130 160 137 163 157 117 150 141 158 128 187 166 161 148 140 129 167 121 157 122 150 134 127 47.50016624
210 121 143 166 176 232 123 167 104 126 183 137 156 144 167 147 104 146 140 109 149 227 118 182 151 110 146 131 158 153 161 136 123 163 123 156 125 205 126 177 156 125 128 166 95 156 128 175 155 130 50.00008185
223 112 157 191 207 204 113 165 102 145 201 126 178 145 147 144 110 166 137 120 153 228 131 173 162 87 147 136 158 140 165 150 104 170 128 165 140 223 116 177 137 136 153 171 98 166 133 189 171 136 52.50000568
222 137 156 215 197 193 105 173 101 124 207 147 201 144 158 137 116 185 166 104 139 254 140 169 151 126 159 149 165 171 190 147 105 173 125 178 168 237 116 180 118 168 167 186 89 163 160 180 182 148 55.00000791
222 138 153 244 174 179 101 168 97 116 238 156 213 131 149 148 112 186 170 123 150 244 161 187 164 120 136 142 180 174 173 166 114 187 152 177 169 249 132 161 122 162 166 212 106 171 157 201 209 146 57.50014683
235 119 188 262 177 185 127 172 96 113 216 162 224 116 154 136 111 200 161 135 152 267 161 179 192 107 152 154 176 172 159 191 129 192 177 174 169 261 128 146 145 161 158 223 130 189 155 213 223 142 60.00016698
245 129 188 273 203 177 118 171 112 120 227 145 239 116 144 123 120 216 153 135 161 273 182 178 191 107 156 154 202 160 160 186 131 201 195 183 175 281 128 144 153 162 147 221 132 179 120 221 241 157 62.50007719
242 136 194 282 204 160 124 170 114 121 214 140 220 136 119 128 121 228 140 120 170 288 168 192 196 99 152 149 208 175 160 202 152 205 215 172 176 283 126 167 162 194 165 222 126 191 126 212 256 157 65.00032623
243 141 189 298 193 169 121 167 118 100 204 130 234 152 132 134 118 237 134 122 176 297 181 170 199 113 156 165 229 183 151 216 133 197 191 174 161 295 116 166 161 203 147 203 138 211 129 217 260 162 67.50011891
262 143 212 297 171 164 119 174 116 99 195 124 229 162 117 124 114 246 146 123 149 302 207 160 210 107 134 174 227 202 136 193 136 208 180 174 167 292 122 185 165 209 139 210 136 213 107 233 244 179 70.00049292
274 132 251 325 155 149 135 172 102 97 184 98 226 164 112 143 102 230 132 139 159 317 182 176 223 124 141 172 253 205 149 184 121 207 151 183 164 303 144 200 158 220 121 222 129 219 125 226 261 190 72.50039378
304 146 249 325 154 158 137 185 124 95 169 88 251 150 116 129 109 227 123 133 177 314 214 181 221 141 118 165 263 186 152 194 133 211 135 165 141 302 139 226 156 206 123 220 139 215 116 237 256 175 75.00060587
302 114 282 346 171 140 137 201 140 112 148 102 258 135 108 139 111 229 126 160 174 312 193 171 225 149 118 153 273 171 153 198 117 224 123 148 130 315 126 231 145 189 109 229 142 227 108 249 246 159 77.5002096
325 87 282 358 166 127 135 183 140 132 124 94 269 127 108 168 94 224 92 162 157 315 180 140 249 154 116 160 239 140 129 208 94 212 120 148 111 310 114 211 139 171 130 236 152 227 134 249 264 137 80.00012988
328 88 283 346 169 110 129 185 124 155 117 64 248 147 131 170 89 213 79 167 145 320 164 130 238 192 100 164 257 146 139 199 85 237 122 130 118 322 129 224 144 176 118 256 151 233 115 265 257 107 82.50004425
306 93 275 347 131 134 129 197 114 155 101 75 242 131 155 182 87 223 90 158 128 316 157 125 271 217 107 176 249 163 145 221 99 249 114 126 113 346 144 214 159 168 140 256 161 254 136 280 257 107 85.00011095
305 83 295 348 119 147 131 197 127 156 112 76 245 135 164 178 96 214 76 153 126 318 150 101 298 240 108 178 253 144 143 232 106 250 98 113 123 362 135 212 148 168 152 275 171 250 128 269 262 92 87.50008192
287 92 293 347 102 163 127 208 130 146 147 66 239 146 154 178 113 224 58 159 149 322 145 103 292 225 101 189 253 132 146 245 95 257 112 97 126 339 136 197 127 174 140 287 175 262 135 265 274 100 90.00142882
301 101 285 360 85 156 148 211 138 129 122 78 245 154 157 188 120 227 69 173 141 313 148 107 303 208 108 203 268 125 157 254 103 263 96 107 133 334 113 184 141 167 139 272 145 252 122 273 283 90 92.50014837
295 103 282 349 99 140 153 204 145 139 103 81 255 158 158 173 131 238 86 193 152 320 152 107 298 220 117 169 270 107 167 262 113 274 92 94 124 320 122 188 139 157 142 265 137 249 118 286 287 90 95.00004721
316 87 270 392 117 151 143 236 131 114 92 91 291 155 140 171 117 228 115 207 163 325 148 99 273 206 118 176 255 114 137 266 102 273 107 93 107 320 124 178 137 139 107 269 126 257 93 292 302 99 97.50010351
322 100 276 395 109 137 146 245 127 119 98 86 297 169 151 160 107 257 111 222 126 314 168 104 276 182 123 190 248 111 143 257 119 282 107 94 101 324 136 165 114 147 72 261 99 275 94 283 331 112 100.0000752
323 95 294 390 119 165 167 249 134 109 81 103 288 153 183 169 115 262 103 229 110 319 175 107 287 152 139 208 237 124 125 253 108 290 119 122 103 333 120 169 81 141 71 258 101 272 82 315 337 89 102.5000221
328 98 318 385 130 168 169 239 129 115 90 113 306 149 183 169 113 266 91 249 94 325 163 98 280 138 119 216 240 128 93 234 104 299 114 118 106 345 108 169 88 126 63 256 117 266 100 325 333 84 105.0000743
319 101 330 374 121 167 179 244 127 112 120 112 308 163 180 175 110 257 103 257 79 330 170 96 278 131 137 214 254 94 111 232 99 283 133 131 106 343 86 181 103 117 74 245 111 271 91 337 339 83 107.5002122
320 94 350 358 130 166 197 230 121 104 95 114 315 175 189 164 94 282 103 256 98 327 172 81 277 113 132 235 262 114 103 233 103 312 108 146 109 333 94 195 107 125 98 237 103 285 106 350 351 90 110.0002249
316 93 338 363 117 177 169 214 120 118 90 134 300 171 207 144 91 301 90 256 105 336 177 100 276 119 132 245 274 111 88 219 97 307 117 129 124 312 95 187 117 129 78 264 93 282 131 359 362 90 112.5003331
315 102 338 354 103 170 156 187 112 118 88 123 294 167 217 148 85 294 86 270 105 334 157 102 269 122 127 237 303 117 82 225 108 296 103 132 145 304 95 170 111 135 90 282 78 289 108 344 360 92 115.0007549
308 89 340 356 90 154 143 174 122 136 97 119 299 149 228 154 120 294 93 276 77 331 154 102 267 118 99 241 288 144 85 240 124 304 123 147 142 306 91 164 122 123 89 281 97 271 83 367 352 90 117.5000772
315 89 330 363 100 152 128 185 126 110 108 118 296 147 210 164 119 287 104 254 115 338 146 114 270 121 87 252 288 158 99 225 140 288 101 126 140 312 98 178 143 146 87 275 87 293 79 360 358 97 120.0000023
317 79 343 357 106 139 121 160 141 122 127 127 283 146 213 149 114 297 90 245 111 332 135 115 276 129 86 246 291 154 112 228 148 300 100 113 147 318 105 184 149 141 104 279 72 301 86 368 352 77 122.5005285
314 77 367 347 111 166 115 167 130 141 139 139 291 127 228 150 110 279 106 266 98 338 122 103 302 124 77 261 304 155 101 252 126 315 91 123 151 336 121 177 160 142 102 290 75 307 90 385 374 104 125.0002591
315 84 366 344 98 153 131 173 136 153 137 158 296 112 232 151 93 309 94 264 123 332 108 101 313 133 87 278 319 139 101 237 114 316 96 124 155 332 111 193 160 137 101 299 89 309 90 393 375 115 127.5000327
304 85 360 358 113 153 125 166 106 179 113 157 298 96 235 141 94 299 118 288 122 316 116 104 322 133 103 292 329 148 101 228 87 307 104 122 142 344 119 198 189 168 85 296 98 302 99 375 388 101 130.0002787
312 89 362 370 109 145 127 147 97 178 103 162 309 89 215 155 95 306 117 303 103 332 118 109 313 144 109 305 343 150 99 211 93 299 134 115 148 357 115 210 211 171 115 286 89 318 106 357 387 119 132.5000771
302 74 356 377 113 130 124 163 112 185 86 171 307 76 221 150 105 318 112 305 117 324 122 100 316 163 110 308 361 150 100 195 89 315 146 133 148 337 114 219 231 169 110 298 78 305 91 372 367 95 135.000614
298 80 347 384 105 136 144 147 118 178 110 155 297 96 215 161 100 317 114 288 95 312 121 98 291 138 137 292 352 135 114 200 105 322 181 136 167 321 137 211 228 180 96 314 85 309 83 361 377 101 137.5005145
288 83 353 375 126 131 161 146 120 188 128 109 304 91 219 159 104 305 102 290 99 322 117 75 282 140 128 309 347 152 110 215 109 318 135 134 157 333 157 221 236 183 102 312 90 320 47 366 364 117 140.0006863
297 95 368 378 109 131 147 142 97 214 120 103 291 103 217 166 110 286 99 294 104 320 115 100 284 120 130 298 355 155 105 201 95 317 137 106 147 326 126 200 235 159 139 304 86 323 74 356 353 89 142.5000056
310 97 364 383 101 157 158 144 87 239 127 101 283 115 226 142 128 292 109 287 116 306 126 117 303 124 145 302 374 163 118 215 85 326 125 116 115 323 126 180 238 160 123 327 81 303 99 353 346 85 145.0001958
297 93 374 376 127 150 164 153 89 259 146 85 284 109 253 130 108 314 119 300 109 332 118 104 309 111 157 318 362 167 131 244 98 316 120 115 131 333 122 161 231 153 126 334 80 303 102 325 362 96 147.5004243
290 83 377 382 141 150 133 152 111 256 149 80 293 105 260 165 105 319 111 313 86 333 100 86 306 98 160 307 373 151 141 238 92 308 114 115 122 326 122 172 250 140 132 346 102 312 87 325 358 84 150.0005002
285 86 375 399 138 134 122 155 106 267 157 87 294 109 271 161 118 298 88 313 121 304 98 97 293 96 160 322 384 150 139 243 82 310 109 123 109 329 111 154 268 138 126 369 87 289 73 344 370 80 152.5002183
295 88 364 387 111 134 118 156 114 282 149 99 323 107 258 146 113 302 67 302 124 295 107 87 304 89 142 322 378 127 143 242 99 300 116 127 106 323 117 137 262 143 114 366 94 301 109 352 374 77 155.0000627
285 87 353 392 92 134 126 166 109 276 169 93 304 121 265 141 119 281 79 301 108 306 88 106 303 89 142 318 386 120 166 269 88 284 110 130 124 313 126 100 295 152 124 349 115 306 102 364 395 74 157.500219
282 93 345 381 102 131 118 170 128 279 167 89 312 118 295 136 117 286 86 303 95 314 85 121 322 113 115 324 411 117 162 285 88 292 112 125 138 305 101 96 288 159 122 345 109 299 94 346 381 88 160.0000632
285 81 357 375 98 115 128 161 162 303 167 92 305 124 294 127 101 297 93 286 94 308 91 122 316 120 140 315 391 119 154 262 94 268 122 120 132 291 111 89 299 162 125 341 98 294 78 363 370 70 162.5002024
306 76 360 371 109 97 108 151 159 289 160 101 292 107 289 137 103 301 100 300 90 307 113 127 299 147 146 342 388 123 152 250 70 274 118 118 129 285 88 90 285 149 135 344 93 312 75 377 387 92 165.0000707
313 83 374 382 118 105 101 136 154 283 163 121 305 86 289 137 97 301 93 303 94 302 109 100 307 119 145 366 379 127 148 267 83 271 116 133 98 305 89 79 295 132 120 337 101 323 74 391 375 97 167.5003786
315 86 380 387 112 121 103 121 135 294 158 118 286 100 290 150 109 311 100 292 85 303 106 98 302 117 148 363 362 99 144 261 92 273 130 129 98 294 73 77 301 137 112 335 102 316 77 379 364 74 170.0000507
317 108 367 388 119 121 87 126 119 306 164 137 273 108 288 148 105 312 110 308 84 309 130 95 305 109 139 353 369 100 138 253 89 280 118 125 91 293 86 88 301 147 115 359 104 312 82 385 367 79 172.5001999
307 112 374 400 107 119 93 125 128 317 141 136 310 112 292 145 92 307 115 311 65 289 129 87 292 98 142 364 383 78 130 265 99 289 93 112 105 287 101 97 304 159 132 359 82 304 90 372 371 89 175.0000394
314 116 391 400 107 124 95 127 131 302 158 144 301 94 291 162 116 302 111 323 83 290 133 101 289 106 137 341 380 81 135 271 117 293 70 115 95 272 92 116 307 149 118 338 69 277 112 373 388 78 177.5000163
326 123 369 399 116 126 116 129 123 311 156 126 304 111 312 163 121 312 141 324 72 289 123 87 310 108 115 359 370 91 148 282 112 294 64 103 92 271 84 109 309 140 99 339 81 276 114 362 375 90 180.0004211
306 101 373 396 146 114 116 146 133 290 137 119 317 89 305 170 117 310 121 309 79 285 125 103 310 110 113 374 371 108 134 299 104 304 82 91 82 292 98 115 302 131 104 341 85 270 120 357 363 99 182.5000402
310 120 378 394 133 127 146 152 105 314 126 103 295 97 312 159 130 318 129 312 102 286 115 116 314 114 86 351 346 120 137 302 103 305 76 100 77 295 112 130 290 145 137 327 93 294 106 373 366 77 185.0012033
302 101 394 373 113 129 150 156 115 320 119 112 301 111 317 161 133 310 124 304 98 288 115 120 310 99 79 342 354 107 141 285 99 310 80 119 90 283 122 121 295 146 155 336 92 317 93 381 367 89 187.5000832
292 94 390 379 92 139 129 148 102 332 116 114 327 117 311 174 121 308 98 319 105 289 138 110 308 104 92 345 366 90 150 296 86 315 87 120 101 301 122 138 296 128 155 328 111 335 95 390 377 94 190.0005279
287 90 382 382 84 149 143 152 86 350 96 115 311 104 323 156 114 336 111 319 90 286 124 91 304 108 91 344 347 88 138 290 86 312 92 136 107 308 128 141 297 146 136 343 99 335 75 423 360 88 192.5004176
297 87 369 360 83 152 146 155 113 329 109 123 309 123 321 173 136 329 94 321 97 289 126 90 283 105 82 353 347 99 141 299 71 302 94 148 116 299 128 133 300 131 120 348 106 340 81 413 353 86 195.0003001
295 84 349 361 98 137 147 146 115 307 90 122 304 118 316 163 130 325 114 315 89 302 122 109 277 106 82 361 324 123 140 289 70 321 86 134 130 307 133 132 289 149 93 343 105 347 89 391 355 97 197.5001983
296 89 350 370 113 159 143 173 109 313 89 130 308 110 308 171 120 326 103 315 101 296 109 114 277 113 99 371 331 149 126 319 82 340 73 143 129 316 142 144 297 153 78 349 120 324 103 390 361 94 200.0000009
282 79 342 392 78 195 121 178 86 292 84 132 313 115 312 175 99 329 97 332 90 301 93 115 292 113 103 376 314 138 113 319 75 333 86 149 151 334 143 138 298 136 89 320 107 322 89 382 362 75 202.5000499
296 83 351 393 95 203 132 163 90 279 100 134 308 108 304 140 97 334 80 336 119 305 120 112 287 95 102 368 340 121 118 306 91 336 76 167 151 348 163 137 316 163 67 310 91 310 78 366 380 104 205.0001845
318 80 345 388 99 215 140 157 97 278 102 128 298 94 302 129 97 341 67 305 104 293 138 120 313 94 120 348 346 151 84 316 93 337 83 166 147 343 158 153 311 144 89 319 94 296 78 377 397 86 207.5001501
314 80 347 374 90 213 115 166 90 283 111 111 303 90 300 152 122 318 63 327 90 295 134 121 311 106 139 363 354 160 67 326 85 343 85 150 151 346 127 149 317 142 103 301 98 292 71 381 374 84 210.0006746
313 79 355 372 88 216 136 154 88 300 94 128 315 102 305 99 144 322 63 335 93 294 150 118 330 116 118 365 354 144 81 328 108 328 102 140 164 365 140 120 327 141 116 286 79 289 61 408 354 93 212.5003004
327 111 339 379 106 183 162 157 80 304 112 138 312 103 316 111 135 317 64 336 92 312 158 125 321 111 117 354 355 118 96 327 128 315 96 135 162 376 141 126 343 108 104 274 88 288 69 413 371 89 215.0000116
310 101 344 379 88 206 156 138 90 306 110 130 315 85 333 119 124 308 94 320 101 308 179 117 310 97 93 347 351 108 90 329 97 302 112 151 134 357 134 113 323 108 107 279 82 284 77 412 376 69 217.5001109
304 82 343 377 83 179 170 129 109 308 109 142 315 88 334 146 111 316 100 316 104 283 168 103 313 99 90 348 351 130 106 324 114 295 100 150 124 351 117 108 300 94 104 269 76 297 81 396 372 87 220.0002206
309 80 337 381 88 193 178 114 108 314 125 150 311 108 330 141 131 311 92 307 81 292 142 88 316 98 85 363 358 122 109 308 108 297 102 164 117 328 127 95 307 83 107 266 68 298 83 391 374 118 222.5006074
330 77 346 383 82 202 168 114 119 323 140 153 306 82 333 152 124 307 101 319 94 286 138 92 291 112 104 346 361 119 109 315 110 305 104 167 120 325 109 98 327 74 97 262 52 304 79 373 366 118 225.0001113
341 65 364 377 86 193 158 105 111 320 128 134 331 94 310 152 130 301 113 299 100 294 134 107 291 101 110 359 369 103 141 325 112 315 111 180 114 317 92 93 323 79 90 278 61 329 85 363 361 93 227.500613
339 96 340 388 93 204 157 111 81 319 143 134 321 109 294 169 107 312 99 309 95 292 135 90 287 110 140 359 355 105 136 329 87 311 120 183 94 295 70 86 319 78 100 305 84 310 80 353 357 101 230.0000644
335 97 355 371 77 211 188 102 92 322 151 132 314 105 287 149 123 308 111 307 104 272 143 120 278 112 173 365 357 105 133 324 92 303 103 176 124 288 68 75 317 77 122 295 97 315 70 364 362 81 232.5000684
321 91 361 372 92 216 195 122 92 300 166 152 293 76 296 146 154 309 119 303 82 266 136 98 288 97 170 373 358 119 108 326 93 298 100 189 132 298 62 73 307 91 154 294 103 293 72 360 364 89 235.0001625
305 71 358 353 100 226 173 125 92 305 137 155 312 90 297 167 131 306 136 295 71 263 121 91 290 78 181 380 379 107 102 315 98 300 126 208 146 293 76 76 294 101 135 315 76 305 81 369 364 89 237.5000064
296 84 346 353 102 224 160 141 102 293 100 154 308 108 321 161 121 295 122 296 92 276 113 128 288 84 188 393 375 123 119 304 78 311 133 226 157 301 81 86 306 112 134 298 80 299 85 360 388 69 240.0000291
296 81 365 360 102 248 152 156 72 302 99 147 279 89 316 171 129 303 92 280 67 297 128 135 293 105 175 399 399 119 115 307 114 283 135 219 139 319 99 104 311 125 138 298 83 306 72 370 397 66 242.5000127
295 88 348 373 102 239 161 167 92 301 114 129 282 89 319 167 132 298 99 283 84 303 113 143 285 125 167 404 395 116 90 302 96 301 144 238 134 327 125 127 330 127 144 297 64 315 75 361 370 72 245.0000895
287 93 342 367 88 240 133 187 114 288 98 124 284 87 315 167 133 311 88 273 96 287 116 137 283 147 155 418 412 131 99 290 83 307 123 230 121 322 151 117 323 126 126 292 70 314 66 374 375 74 247.5000246
286 66 347 373 74 244 137 190 92 307 94 125 284 72 335 196 141 316 83 263 86 309 95 121 294 142 148 418 374 119 100 291 76 302 101 212 114 313 161 120 323 117 126 292 76 293 78 357 371 69 250.0004121
300 94 350 382 76 244 135 190 112 309 97 125 295 64 341 211 142 316 109 270 96 304 91 118 313 124 143 398 385 133 91 295 74 307 79 208 133 325 158 137 314 123 105 287 88 286 59 361 354 78 252.5000483
292 101 356 386 80 233 130 205 120 329 95 100 289 79 342 186 142 312 96 266 105 300 86 144 314 112 111 391 365 123 102 293 102 320 81 211 127 315 147 128 311 128 101 295 85 282 54 367 367 70 255.0003254
285 100 354 385 73 239 121 204 123 308 104 99 291 71 330 182 143 326 109 272 119 295 99 129 328 112 107 388 387 113 107 286 99 319 84 209 109 328 156 117 305 125 100 293 85 284 78 368 346 78 257.5003099
259 87 375 374 74 259 137 197 109 304 85 108 289 91 331 181 144 324 102 306 120 291 88 112 317 97 102 385 383 106 115 301 74 316 95 213 106 323 152 96 313 110 121 289 80 281 85 366 339 90 260.0000365
256 91 370 373 105 246 124 193 101 312 102 121 296 92 332 184 150 318 92 302 129 295 122 111 295 117 90 372 379 102 123 293 69 327 90 234 120 317 148 107 293 112 111 282 83 268 81 354 335 85 262.5000949
265 94 369 360 75 255 121 167 90 313 94 124 284 88 331 177 127 339 81 313 154 305 112 95 305 96 97 371 396 93 121 292 79 332 99 229 111 318 143 122 315 97 127 277 106 274 75 351 340 94 265.0001953
262 95 371 336 85 275 125 183 99 311 95 115 283 111 307 174 148 344 88 297 131 294 111 103 332 97 91 365 394 80 132 291 89 339 97 248 107 297 150 127 330 107 136 291 80 297 78 343 346 74 267.5005075
277 89 373 340 94 282 122 166 116 293 96 115 294 102 305 166 136 350 82 301 126 318 91 81 322 87 104 362 387 112 105 300 91 368 103 253 102 303 129 146 344 107 164 305 93 283 97 367 341 73 270.0001712
289 78 373 361 91 279 122 215 117 296 116 109 297 104 315 170 145 354 94 294 108 314 103 93 303 118 128 365 385 115 111 311 107 369 89 252 120 324 127 118 342 106 173 327 78 273 81 368 339 76 272.5003101
295 73 379 354 84 290 124 200 128 311 116 127 303 97 320 144 166 355 101 295 94 310 101 105 299 96 143 371 394 116 115 301 105 354 82 263 87 328 128 104 337 115 188 336 81 278 80 347 352 82 275.0000057
275 74 382 385 81 305 98 190 138 328 108 124 298 90 332 127 164 343 85 289 82 294 110 111 295 116 171 343 406 114 102 331 103 337 73 282 85 339 134 117 324 98 178 335 79 287 71 365 340 98 277.5000625
290 75 358 400 83 314 91 183 104 334 112 126 296 74 326 114 157 337 101 283 102 276 116 100 293 134 165 360 392 89 123 303 109 335 62 299 78 338 118 98 344 83 169 308 87 270 93 350 349 76 280.0006091
284 88 354 368 75 314 110 175 106 319 107 127 297 79 327 115 143 324 100 286 91 292 114 87 291 132 145 358 389 94 111 289 109 335 81 307 80 320 123 103 316 101 176 301 99 259 88 349 354 103 282.500046
302 80 355 378 90 309 122 165 117 325 127 129 290 79 322 105 146 314 93 286 99 300 108 94 299 151 140 364 374 109 91 298 125 335 97 319 94 307 114 106 338 87 204 289 70 292 83 348 350 95 285.0001318
306 86 368 366 82 296 102 176 140 318 133 127 281 73 314 106 156 321 89 278 112 282 99 105 315 165 127 357 380 103 90 326 97 332 96 317 100 302 133 96 326 103 229 307 68 284 65 356 360 95 287.5000636
319 75 366 377 72 288 114 187 123 326 135 137 274 75 299 100 143 311 78 290 112 288 111 91 313 167 112 368 363 107 93 313 86 330 94 319 82 322 139 100 314 112 220 289 95 279 71 378 339 98 290.0002201
304 77 325 398 54 271 91 212 118 329 146 119 288 75 290 98 147 301 86 296 99 293 94 86 298 160 100 377 370 105 85 311 68 316 79 327 88 302 156 93 332 122 224 307 85 276 91 364 352 92 292.5000018
304 83 335 387 74 279 101 244 133 341 136 110 300 75 287 98 156 297 82 276 101 291 83 84 298 122 112 374 363 106 94 304 96 290 79 320 90 317 156 114 321 125 225 302 85 289 95 360 342 117 295.0004345
302 85 344 389 82 282 120 219 119 307 145 96 292 81 308 103 144 304 99 286 109 285 65 89 302 115 92 365 382 106 70 316 90 274 92 331 81 306 169 113 332 111 221 307 92 298 105 345 357 94 297.5002417
310 78 360 397 76 296 138 215 115 291 140 100 282 87 323 95 129 301 109 283 111 290 62 92 318 127 70 386 357 95 81 293 87 274 81 327 93 302 131 128 330 92 230 322 94 274 105 334 362 89 300.00006
316 88 388 387 78 287 137 211 110 271 163 106 291 97 317 84 114 308 100 312 92 306 79 91 322 145 72 377 360 104 100 295 97 276 74 299 92 306 125 116 317 105 245 338 91 286 74 345 355 92 302.5000034
315 84 391 401 63 280 118 220 88 264 141 110 291 99 332 71 81 322 113 286 110 307 83 97 312 135 90 388 356 104 86 307 104 289 76 291 83 273 113 118 300 100 250 323 105 287 62 322 363 79 305.000051
319 93 390 399 66 287 106 228 94 256 132 125 288 102 349 78 82 319 116 283 121 329 93 94 287 136 97 390 355 83 84 318 95 295 97 283 96 282 100 120 300 104 266 321 107 277 72 319 376 76 307.5006236
311 72 362 391 58 291 100 228 96 268 126 113 292 92 332 91 94 320 115 295 113 315 92 99 293 106 95 395 367 65 81 318 83 296 92 279 101 284 78 129 310 111 258 327 93 278 93 338 377 85 310.0000613
295 80 366 370 85 296 110 249 101 275 143 127 293 82 328 91 93 315 120 301 79 322 122 86 291 86 97 393 350 79 73 312 103 312 80 283 100 276 87 110 311 103 242 332 66 287 83 338 376 107 312.5009409
307 68 373 371 86 282 97 247 105 305 142 121 311 97 335 101 96 313 91 288 88 313 138 78 295 104 100 370 357 93 74 307 110 321 82 285 103 276 93 109 315 85 236 331 68 291 73 357 378 96 315.0003921
326 59 358 389 76 287 100 230 96 300 147 129 299 79 321 89 112 335 101 295 61 308 141 99 290 117 90 354 371 88 91 300 102 320 78 291 90 272 89 100 306 69 243 315 86 295 91 387 355 96 317.5003542
312 86 368 381 69 293 99 238 97 296 143 115 307 73 325 93 121 342 130 284 74 302 115 95 285 120 93 362 370 90 80 289 83 333 80 297 92 269 87 92 328 79 231 337 87 287 107 375 365 100 320.0002565
294 84 374 365 77 274 70 228 94 300 154 112 305 90 312 112 132 338 127 285 80 302 138 81 272 106 109 366 374 94 92 292 87 319 78 311 69 282 80 83 326 81 229 350 79 276 112 369 363 100 322.5004852
285 87 364 374 90 284 76 213 114 310 152 112 289 89 304 116 134 329 127 301 80 303 127 93 285 107 89 368 385 94 120 295 78 314 102 315 71 279 92 118 324 70 242 346 97 269 120 369 356 99 325.0000177
284 98 375 373 95 290 77 209 104 314 159 108 281 82 293 111 165 313 126 304 94 317 129 92 312 107 66 377 394 107 135 296 80 304 103 311 77 292 111 116 324 65 246 330 90 271 95 376 360 114 327.5001951
286 117 365 373 96 305 61 218 89 308 160 93 274 92 303 112 164 311 117 323 96 306 115 99 304 108 81 402 401 121 137 296 73 322 106 288 73 287 113 116 309 77 229 325 85 294 89 388 362 107 330.0001268
288 110 386 356 88 295 72 241 97 289 147 106 274 111 290 103 152 309 94 302 121 306 125 89 310 111 114 394 389 113 124 300 90 327 106 308 88 294 120 114 328 88 234 326 76 295 74 404 359 112 332.5005426
289 98 392 366 74 297 81 231 86 307 125 115 269 104 293 105 153 303 111 307 96 304 123 99 277 119 103 397 378 116 124 301 88 325 104 320 103 281 97 139 308 78 211 342 101 293 79 393 353 94 335.000373
284 122 345 383 78 304 99 227 78 319 127 126 262 89 288 111 170 301 81 312 85 317 137 103 285 128 108 400 382 113 131 289 77 333 115 319 80 276 92 143 314 79 205 350 84 306 81 382 351 87 337.5003409
299 125 350 361 76 320 100 237 90 313 128 119 280 76 290 107 168 303 79 313 92 333 160 101 285 106 102 403 364 113 146 284 88 329 130 330 68 279 96 146 302 83 214 343 75 292 75 371 372 97 340.0002972
308 109 338 381 68 323 113 226 106 321 129 126 281 76 298 115 171 312 84 311 110 326 144 117 281 120 115 401 371 117 132 299 76 334 138 324 82 302 106 123 306 101 212 338 78 289 69 378 387 113 342.5000031
323 100 324 373 76 327 96 234 116 300 135 162 292 79 278 132 167 310 102 323 119 331 130 106 297 125 125 390 373 116 132 296 98 337 112 317 74 291 89 117 313 103 223 341 82 293 83 372 386 89 345.0004588
310 113 328 364 77 314 115 215 112 298 165 171 305 82 289 126 160 305 126 312 123 324 123 106 314 145 112 364 383 108 137 291 82 337 82 312 88 290 93 120 305 83 228 345 96 276 78 380 378 94 347.5003573
340 132 319 367 89 320 111 223 112 300 130 169 323 78 312 139 172 311 116 321 113 334 102 126 315 137 100 372 390 100 146 282 94 338 105 313 94 280 108 109 292 99 229 326 96 278 83 365 385 81 350.0000455
341 129 322 354 110 304 101 246 102 331 115 141 323 103 311 141 187 320 113 319 89 333 91 134 307 138 113 382 385 105 107 276 78 348 101 335 96 297 106 109 298 71 227 342 91 290 110 358 378 89 352.5000064
328 117 337 330 93 310 111 267 84 338 118 142 334 98 333 126 173 320 87 286 120 307 87 151 306 160 101 374 379 97 126 278 101 331 102 323 89 311 90 93 304 83 204 346 82 275 94 380 387 95 355.0007398
328 109 339 337 72 300 113 260 107 302 136 148 317 106 320 126 171 320 112 267 112 315 92 170 317 142 97 377 369 126 138 294 119 302 79 341 102 319 95 82 301 93 186 342 78 279 95 377 384 74 357.5000763
320 98 349 343 78 307 115 260 103 320 114 134 301 89 322 135 170 316 107 278 93 311 109 162 314 135 96 391 369 115 139 289 103 288 84 329 121 318 113 106 317 94 190 351 61 285 75 388 379 77 360.0002172
303 98 372 349 93 294 101 272 103 332 118 126 304 96 313 129 175 327 134 300 109 306 116 159 318 129 112 385 360 144 152 300 99 302 80 321 134 316 114 111 301 119 168 328 64 290 86 363 385 93 362.5010491
290 109 365 347 89 284 95 274 101 321 103 100 328 91 323 117 159 346 124 309 121 282 117 155 325 120 81 413 359 128 113 321 86 291 76 347 120 326 122 115 308 94 168 341 83 276 76 367 381 92 365.000494
302 107 362 341 96 287 93 296 116 320 102 99 311 106 296 101 118 342 125 317 120 285 122 149 332 136 80 410 332 130 110 308 98 280 86 335 115 321 109 118 316 85 149 322 93 276 89 346 370 81 367.500001
295 99 363 324 90 290 91 304 128 331 96 102 330 94 298 98 111 332 112 324 92 292 131 147 316 146 90 392 344 112 143 311 71 275 95 329 116 312 98 111 293 76 155 310 108 275 73 349 369 97 370.0000784
287 117 369 357 77 277 91 319 112 332 102 112 309 102 294 115 111 318 110 311 105 301 122 121 337 131 93 397 359 87 138 318 86 286 72 331 114 313 86 96 298 91 137 327 86 275 79 356 363 84 372.5004685
299 98 371 358 100 285 93 314 122 338 96 100 297 103 276 125 91 315 107 308 93 308 107 128 309 115 92 395 352 90 131 295 104 271 88 323 121 310 92 102 324 91 131 316 85 277 86 360 378 71 375.0004738
303 92 350 361 106 313 79 313 111 331 121 99 327 93 291 116 98 332 86 318 116 292 106 123 322 81 91 378 351 94 164 292 98 298 97 315 106 306 95 77 317 101 148 320 103 271 109 350 359 98 377.5002002
314 89 361 360 123 308 97 303 98 337 109 108 335 84 281 118 115 326 76 327 93 285 94 120 338 68 107 369 364 88 158 299 104 316 94 304 128 302 116 84 308 87 133 303 111 279 87 340 369 95 380.0000216
329 87 353 371 122 306 99 318 117 337 99 115 320 86 270 102 101 315 90 328 95 275 102 109 338 79 113 376 358 83 200 280 92 301 78 314 105 302 116 88 313 82 158 317 93 292 98 324 361 70 382.5000714
322 91 348 367 114 313 113 309 130 315 97 109 316 90 284 108 114 291 104 307 106 282 105 128 323 104 111 367 348 77 215 295 97 294 69 315 108 295 125 86 322 81 182 315 92 281 84 320 379 66 385.0004845
309 96 368 353 98 314 90 319 121 317 92 123 315 107 281 123 91 298 115 293 97 302 114 124 311 116 113 383 366 91 227 304 93 311 84 304 82 278 141 83 339 95 194 314 83 301 87 330 370 78 387.5003845
315 86 358 376 88 314 98 317 112 318 95 126 326 100 292 105 86 302 86 278 112 313 124 115 310 120 106 398 365 91 235 318 95 310 105 296 79 269 115 98 340 103 179 329 95 297 79 359 376 75 390.0000556
305 100 353 374 79 293 101 308 118 313 109 152 325 113 318 106 93 330 105 295 75 305 124 104 316 108 124 391 361 96 238 316 92 310 108 302 84 253 125 121 321 103 147 320 99 284 86 364 366 86 392.5004312
299 93 364 373 81 293 100 323 108 317 110 134 319 118 329 90 96 305 82 290 101 309 136 117 315 114 147 387 344 101 222 316 90 293 114 301 85 260 93 144 317 124 124 319 89 284 75 381 375 92 395.0000049
290 85 361 394 114 295 109 330 94 317 110 138 331 120 308 88 107 311 103 289 105 314 154 107 340 119 156 383 347 100 197 309 76 277 100 289 83 276 111 124 314 96 146 308 91 283 84 377 390 76 397.5001109
283 80 349 407 95 310 96 312 113 316 112 133 352 122 306 106 120 327 107 283 112 333 130 114 337 130 119 375 355 115 175 332 68 275 70 300 57 282 96 101 317 110 144 300 87 301 85 355 382 78 400.0002089
282 87 353 411 83 317 112 324 98 326 124 153 332 112 309 114 96 328 112 296 117 323 127 115 342 136 106 363 362 74 143 326 85 264 91 308 82 276 108 86 310 119 131 295 104 300 70 345 382 67 402.500135
303 80 350 408 76 318 132 314 90 328 133 157 331 117 310 120 96 327 139 296 109 315 99 103 337 109 97 370 357 89 140 332 85 272 79 306 79 288 72 94 306 118 134 283 89 317 76 363 367 69 405.0010326
299 90 368 385 94 301 148 299 101 304 141 138 329 99 306 109 108 321 125 303 107 314 99 115 317 102 119 339 378 91 124 340 64 275 96 314 81 281 98 87 307 137 134 292 75 285 84 347 380 91 407.5001358
309 119 344 376 79 316 133 290 119 314 164 118 327 81 308 104 104 307 122 304 119 321 95 91 326 96 114 351 373 92 110 346 57 284 105 317 82 278 85 82 301 143 132 302 82 289 77 358 393 99 410.0001575
297 86 353 364 69 305 129 310 92 310 135 93 339 107 311 98 96 307 124 299 138 308 98 111 318 90 111 365 372 98 95 338 64 294 95 311 74 285 80 86 291 126 128 299 55 296 99 345 393 84 412.5000481
298 78 368 386 82 292 98 288 91 303 126 103 334 134 315 104 112 287 127 298 120 297 88 99 325 87 110 351 370 90 102 333 68 301 90 317 77 270 95 83 302 103 124 300 66 305 99 353 409 90 415.0008035
287 98 371 380 78 303 68 289 100 311 101 109 345 119 317 106 118 279 110 300 119 305 95 100 315 108 103 352 354 91 117 317 74 294 99 315 80 260 91 97 306 95 110 312 74 305 120 376 397 100 417.5005792
299 97 365 374 94 293 80 286 109 286 80 113 325 111 321 107 125 282 102 320 128 307 105 121 320 111 136 361 353 105 121 310 99 307 104 316 78 270 103 96 320 84 113 318 86 314 113 394 383 89 420.0001204
308 116 351 367 87 290 92 280 111 294 97 128 316 114 321 97 136 285 96 298 95 311 89 116 310 132 126 370 351 100 97 304 97 303 107 304 92 272 90 90 312 94 120 322 90 337 103 389 384 71 422.5004679
295 105 374 368 93 288 87 290 94 296 103 130 309 108 329 101 125 304 95 307 83 315 97 134 298 134 125 362 365 101 106 312 83 287 107 300 95 285 82 97 310 83 124 321 113 348 128 403 375 82 425.0000674
304 105 365 389 92 285 71 300 95 289 107 132 307 97 337 109 130 304 97 312 77 327 99 99 321 131 107 371 375 111 113 302 101 284 97 305 89 296 75 112 302 86 112 325 103 346 105 402 379 75 427.5004508
305 94 372 377 101 282 79 320 98 297 93 149 308 115 333 109 128 317 86 307 93 317 107 117 339 152 102 377 376 97 102 310 100 278 100 315 94 303 86 104 297 87 124 318 88 324 92 399 375 73 430.0003833
293 103 363 387 107 297 93 307 110 305 96 132 290 103 332 142 116 309 101 311 99 303 119 100 340 144 92 361 362 107 93 295 103 294 88 281 110 305 99 109 302 101 114 333 79 336 81 418 363 83 432.5001707
295 104 374 377 84 285 84 312 116 296 116 134 296 103 332 140 113 312 91 320 105 315 118 103 328 139 105 372 373 117 87 279 81 291 108 293 118 300 104 102 281 86 123 332 59 340 76 408 367 65 435.0000565
289 97 374 351 95 292 84 331 106 307 108 142 299 97 345 170 122 316 82 312 103 305 111 114 333 117 92 376 377 118 102 271 81 305 88 305 117 306 89 84 284 97 115 317 93 333 84 386 363 85 437.5005919
281 112 379 361 97 298 95 328 111 318 99 114 322 92 330 162 100 310 101 305 93 306 126 127 318 121 68 377 369 111 116 275 93 319 77 313 119 314 96 96 274 89 111 336 89 337 82 384 356 76 440.0000272
305 104 393 356 107 299 98 319 122 333 102 121 317 95 337 154 114 296 110 317 103 283 121 133 310 117 88 358 391 108 110 280 105 311 89 286 116 318 125 76 277 85 104 343 109 334 88 366 359 61 442.5002539
287 108 357 379 94 278 104 308 111 321 129 113 324 93 331 154 110 288 116 302 109 286 125 127 324 111 100 383 401 107 114 288 100 315 81 287 136 319 117 87 298 102 96 333 89 335 79 379 346 57 445.0006927
276 84 374 385 111 277 116 309 106 325 137 112 312 113 336 176 78 309 98 288 97 296 124 105 320 115 96 380 398 91 122 296 102 318 80 287 147 301 123 80 305 109 114 313 79 313 67 368 350 74 447.5008748
290 100 395 359 107 291 116 302 103 319 156 116 292 82 326 168 72 312 85 297 91 288 117 123 317 99 102 369 406 72 124 317 101 289 69 286 128 307 127 102 330 98 98 309 78 292 68 392 347 82 450.0000991
291 106 392 352 119 300 107 297 118 335 143 108 280 109 335 177 91 302 108 294 105 290 115 106 294 125 105 374 400 69 145 302 103 293 69 288 129 306 136 103 322 95 77 328 72 292 81 372 352 82 452.5005672
281 93 380 354 102 317 86 296 93 352 155 123 294 105 324 193 94 288 90 293 111 280 105 136 299 125 124 348 383 85 132 316 99 289 79 308 133 314 124 91 317 94 81 312 86 280 87 352 365 75 455.0002283
269 92 385 358 103 336 74 306 110 348 135 129 313 110 333 192 65 297 88 293 107 289 92 146 301 114 112 346 383 101 137 307 98 287 83 326 129 302 119 84 309 113 110 310 84 277 80 364 341 87 457.5000308
259 105 370 359 119 312 81 316 106 342 110 142 369 98 308 204 75 301 93 285 89 287 92 130 305 127 121 354 390 114 147 301 78 278 81 318 136 312 141 89 290 113 137 317 97 295 84 353 340 68 460.0002097
256 90 372 372 98 309 105 317 88 345 103 153 374 113 307 197 96 307 99 301 80 286 98 128 308 148 110 365 371 111 144 305 86 261 78 321 130 296 146 91 310 117 138 328 96 318 104 337 334 107 462.5001532
261 121 351 376 108 311 112 307 86 336 97 162 356 121 324 188 80 286 102 312 88 298 104 117 317 146 146 375 351 112 137 310 98 271 92 314 129 295 150 85 309 122 119 330 96 296 113 337 361 111 465.000111
250 137 373 362 114 322 106 304 79 325 89 145 356 138 344 199 68 278 86 313 76 305 117 142 312 128 140 377 372 93 128 298 94 265 87 289 96 316 149 87 311 129 108 340 118 301 99 361 334 88 467.5000697
267 111 367 365 127 310 102 292 86 318 111 131 351 120 347 203 78 285 93 308 89 318 150 141 311 114 159 365 360 108 119 319 92 281 90 289 68 329 153 90 304 122 113 345 120 308 97 381 339 94 470.0000069
275 89 350 387 118 324 104 307 69 303 112 117 345 128 332 185 85 280 105 317 89 307 149 143 290 114 144 360 381 90 104 331 88 270 103 294 78 324 142 78 305 130 147 342 116 311 97 375 359 100 472.5003911
245 107 371 377 107 310 81 321 79 285 105 107 329 112 348 171 101 276 103 312 102 321 170 138 289 115 137 388 363 108 111 318 81 271 108 298 66 322 123 83 303 119 141 326 109 315 83 349 378 108 475.0001541
243 112 384 351 91 321 83 326 87 289 108 97 325 127 365 180 117 259 87 306 100 316 165 137 297 112 149 416 355 117 105 317 87 285 102 294 76 315 115 99 318 125 106 334 108 330 84 365 384 112 477.5003814
257 94 398 369 89 325 88 324 85 292 108 87 319 110 360 172 104 253 107 319 71 313 165 116 305 96 162 403 368 129 106 311 89 290 79 278 67 328 117 109 320 108 83 322 125 313 78 363 391 111 480.0000191
272 94 413 381 74 320 91 302 91 297 115 83 308 79 359 165 95 286 107 323 101 329 156 103 303 116 147 379 380 93 110 303 76 304 82 264 92 327 114 99 317 123 83 300 93 305 89 377 391 74 482.5001145
286 99 406 368 61 324 107 300 84 294 105 91 303 76 344 145 93 290 128 326 84 335 137 122 302 127 143 383 361 110 82 296 88 307 98 259 84 323 120 104 311 122 87 295 79 307 110 376 415 73 485.0001316
312 99 413 371 70 304 120 291 91 287 124 97 279 98 315 138 118 282 114 316 87 326 127 146 326 110 136 383 359 128 80 294 85 308 94 273 68 330 125 109 307 142 87 287 93 295 100 379 391 84 487.5004613
330 98 412 364 74 296 129 298 91 287 129 86 285 96 310 118 107 295 112 299 109 315 125 137 339 106 128 379 348 119 88 303 71 288 129 312 61 349 132 117 301 131 72 294 88 275 116 374 387 78 490.0002108
335 91 397 385 88 296 147 295 91 287 126 96 286 99 293 143 119 291 106 313 94 321 132 137 339 127 116 373 340 134 97 308 63 283 114 302 84 340 129 106 302 129 80 294 107 275 110 365 386 96 492.5010004
350 80 395 395 90 282 130 297 105 309 116 88 279 86 293 140 134 310 77 332 99 306 100 133 327 111 123 359 334 127 103 308 75 292 111 310 87 328 122 118 316 132 82 280 112 285 127 357 391 72 495.0003908
323 72 407 368 93 276 126 289 110 299 114 93 271 92 278 154 124 323 92 321 95 317 94 123 327 87 150 359 357 117 90 329 90 311 107 306 87 335 134 117 317 137 99 301 110 302 95 380 375 81 497.5001102
320 85 416 367 96 268 116 300 89 321 111 85 279 101 301 155 132 318 88 317 91 324 127 111 323 85 142 355 354 93 103 324 101 323 96 313 110 339 128 102 340 127 129 300 102 328 84 368 373 84 500.0002061
